label,4_u1_220_p
time_s,envelope_detrended
0.000000000,0.646007
0.000113379,0.643283
0.000226757,0.640530
0.000340136,0.637747
0.000453515,0.634936
0.000566893,0.632096
0.000680272,0.629229
0.000793651,0.626333
0.000907029,0.623410
0.001020408,0.620460
0.001133787,0.617482
0.001247166,0.614477
0.001360544,0.611447
0.001473923,0.608390
0.001587302,0.605308
0.001700680,0.602200
0.001814059,0.599067
0.001927438,0.595909
0.002040816,0.592728
0.002154195,0.589521
0.002267574,0.586292
0.002380952,0.583039
0.002494331,0.579763
0.002607710,0.576464
0.002721088,0.573144
0.002834467,0.569801
0.002947846,0.566436
0.003061224,0.563050
0.003174603,0.559644
0.003287982,0.556216
0.003401361,0.552768
0.003514739,0.549300
0.003628118,0.545812
0.003741497,0.542305
0.003854875,0.538779
0.003968254,0.535234
0.004081633,0.531671
0.004195011,0.528090
0.004308390,0.524490
0.004421769,0.520874
0.004535147,0.517240
0.004648526,0.513589
0.004761905,0.509921
0.004875283,0.506238
0.004988662,0.502538
0.005102041,0.498823
0.005215420,0.495092
0.005328798,0.491346
0.005442177,0.487585
0.005555556,0.483810
0.005668934,0.480021
0.005782313,0.476218
0.005895692,0.472401
0.006009070,0.468570
0.006122449,0.464727
0.006235828,0.460871
0.006349206,0.457003
0.006462585,0.453123
0.006575964,0.449231
0.006689342,0.445327
0.006802721,0.441413
0.006916100,0.437488
0.007029478,0.433552
0.007142857,0.429606
0.007256236,0.425651
0.007369615,0.421686
0.007482993,0.417712
0.007596372,0.413729
0.007709751,0.409737
0.007823129,0.405737
0.007936508,0.401729
0.008049887,0.397714
0.008163265,0.393691
0.008276644,0.389661
0.008390023,0.385625
0.008503401,0.381581
0.008616780,0.377532
0.008730159,0.373476
0.008843537,0.369415
0.008956916,0.365349
0.009070295,0.361277
0.009183673,0.357200
0.009297052,0.353119
0.009410431,0.349034
0.009523810,0.344944
0.009637188,0.340851
0.009750567,0.336753
0.009863946,0.332653
0.009977324,0.328549
0.010090703,0.324442
0.010204082,0.320332
0.010317460,0.316220
0.010430839,0.312105
0.010544218,0.307988
0.010657596,0.303869
0.010770975,0.299748
0.010884354,0.295625
0.010997732,0.291500
0.011111111,0.287375
0.011224490,0.283248
0.011337868,0.279120
0.011451247,0.274991
0.011564626,0.270862
0.011678005,0.266732
0.011791383,0.262601
0.011904762,0.258471
0.012018141,0.254340
0.012131519,0.250209
0.012244898,0.246079
0.012358277,0.241948
0.012471655,0.237818
0.012585034,0.233688
0.012698413,0.229560
0.012811791,0.225432
0.012925170,0.221304
0.013038549,0.217179
0.013151927,0.213054
0.013265306,0.208931
0.013378685,0.204809
0.013492063,0.200689
0.013605442,0.196571
0.013718821,0.192454
0.013832200,0.188340
0.013945578,0.184227
0.014058957,0.180117
0.014172336,0.176010
0.014285714,0.171904
0.014399093,0.167801
0.014512472,0.163701
0.014625850,0.159603
0.014739229,0.155509
0.014852608,0.151416
0.014965986,0.147327
0.015079365,0.143241
0.015192744,0.139157
0.015306122,0.135077
0.015419501,0.131001
0.015532880,0.126926
0.015646259,0.122856
0.015759637,0.118789
0.015873016,0.114725
0.015986395,0.110665
0.016099773,0.106608
0.016213152,0.102554
0.016326531,0.098504
0.016439909,0.094458
0.016553288,0.090414
0.016666667,0.086375
0.016780045,0.082338
0.016893424,0.078306
0.017006803,0.074276
0.017120181,0.070250
0.017233560,0.066228
0.017346939,0.062209
0.017460317,0.058193
0.017573696,0.054181
0.017687075,0.050173
0.017800454,0.046167
0.017913832,0.042165
0.018027211,0.038167
0.018140590,0.034172
0.018253968,0.030180
0.018367347,0.026193
0.018480726,0.022208
0.018594104,0.018227
0.018707483,0.014249
0.018820862,0.010275
0.018934240,0.006304
0.019047619,0.002337
0.019160998,-0.001627
0.019274376,-0.005588
0.019387755,-0.009546
0.019501134,-0.013500
0.019614512,-0.017451
0.019727891,-0.021398
0.019841270,-0.025342
0.019954649,-0.029283
0.020068027,-0.033221
0.020181406,-0.037156
0.020294785,-0.041087
0.020408163,-0.045015
0.020521542,-0.048940
0.020634921,-0.052862
0.020748299,-0.056781
0.020861678,-0.060696
0.020975057,-0.064609
0.021088435,-0.068519
0.021201814,-0.072425
0.021315193,-0.076329
0.021428571,-0.080230
0.021541950,-0.084128
0.021655329,-0.088024
0.021768707,-0.091917
0.021882086,-0.095807
0.021995465,-0.099695
0.022108844,-0.103580
0.022222222,-0.107464
0.022335601,-0.111345
0.022448980,-0.115223
0.022562358,-0.119100
0.022675737,-0.122975
0.022789116,-0.126847
0.022902494,-0.130718
0.023015873,-0.134587
0.023129252,-0.138454
0.023242630,-0.142320
0.023356009,-0.146184
0.023469388,-0.150046
0.023582766,-0.153906
0.023696145,-0.157765
0.023809524,-0.161623
0.023922902,-0.165479
0.024036281,-0.169334
0.024149660,-0.173187
0.024263039,-0.177040
0.024376417,-0.180891
0.024489796,-0.184741
0.024603175,-0.188589
0.024716553,-0.192437
0.024829932,-0.196283
0.024943311,-0.200129
0.025056689,-0.203973
0.025170068,-0.207816
0.025283447,-0.211657
0.025396825,-0.215498
0.025510204,-0.219337
0.025623583,-0.223175
0.025736961,-0.227012
0.025850340,-0.230848
0.025963719,-0.234683
0.026077098,-0.238516
0.026190476,-0.242349
0.026303855,-0.246180
0.026417234,-0.250010
0.026530612,-0.253839
0.026643991,-0.257667
0.026757370,-0.261494
0.026870748,-0.265319
0.026984127,-0.269144
0.027097506,-0.272967
0.027210884,-0.276790
0.027324263,-0.280611
0.027437642,-0.284431
0.027551020,-0.288250
0.027664399,-0.292067
0.027777778,-0.295883
0.027891156,-0.299698
0.028004535,-0.303512
0.028117914,-0.307324
0.028231293,-0.311136
0.028344671,-0.314945
0.028458050,-0.318754
0.028571429,-0.322561
0.028684807,-0.326367
0.028798186,-0.330171
0.028911565,-0.333973
0.029024943,-0.337774
0.029138322,-0.341573
0.029251701,-0.345371
0.029365079,-0.349166
0.029478458,-0.352960
0.029591837,-0.356752
0.029705215,-0.360542
0.029818594,-0.364330
0.029931973,-0.368115
0.030045351,-0.371898
0.030158730,-0.375678
0.030272109,-0.379456
0.030385488,-0.383231
0.030498866,-0.387003
0.030612245,-0.390772
0.030725624,-0.394539
0.030839002,-0.398302
0.030952381,-0.402061
0.031065760,-0.405817
0.031179138,-0.409570
0.031292517,-0.413319
0.031405896,-0.417064
0.031519274,-0.420805
0.031632653,-0.424542
0.031746032,-0.428274
0.031859410,-0.432003
0.031972789,-0.435727
0.032086168,-0.439447
0.032199546,-0.443161
0.032312925,-0.446871
0.032426304,-0.450576
0.032539683,-0.454275
0.032653061,-0.457969
0.032766440,-0.461657
0.032879819,-0.465340
0.032993197,-0.469016
0.033106576,-0.472686
0.033219955,-0.476350
0.033333333,-0.480008
0.033446712,-0.483659
0.033560091,-0.487304
0.033673469,-0.490941
0.033786848,-0.494572
0.033900227,-0.498195
0.034013605,-0.501811
0.034126984,-0.505419
0.034240363,-0.509019
0.034353741,-0.512611
0.034467120,-0.516195
0.034580499,-0.519771
0.034693878,-0.523338
0.034807256,-0.526897
0.034920635,-0.530447
0.035034014,-0.533987
0.035147392,-0.537518
0.035260771,-0.541040
0.035374150,-0.544552
0.035487528,-0.548054
0.035600907,-0.551546
0.035714286,-0.555028
0.035827664,-0.558499
0.035941043,-0.561959
0.036054422,-0.565408
0.036167800,-0.568846
0.036281179,-0.572273
0.036394558,-0.575687
0.036507937,-0.579090
0.036621315,-0.582480
0.036734694,-0.585857
0.036848073,-0.589221
0.036961451,-0.592572
0.037074830,-0.595910
0.037188209,-0.599233
0.037301587,-0.602543
0.037414966,-0.605838
0.037528345,-0.609118
0.037641723,-0.612383
0.037755102,-0.615633
0.037868481,-0.618867
0.037981859,-0.622085
0.038095238,-0.625287
0.038208617,-0.628472
0.038321995,-0.631640
0.038435374,-0.634791
0.038548753,-0.637925
0.038662132,-0.641041
0.038775510,-0.644138
0.038888889,-0.647217
0.039002268,-0.650278
0.039115646,-0.653319
0.039229025,-0.656341
0.039342404,-0.659343
0.039455782,-0.662325
0.039569161,-0.665287
0.039682540,-0.668228
0.039795918,-0.671148
0.039909297,-0.674047
0.040022676,-0.676925
0.040136054,-0.679780
0.040249433,-0.682613
0.040362812,-0.685424
0.040476190,-0.688211
0.040589569,-0.690976
0.040702948,-0.693716
0.040816327,-0.696433
0.040929705,-0.699125
0.041043084,-0.701793
0.041156463,-0.704436
0.041269841,-0.707053
0.041383220,-0.709644
0.041496599,-0.712210
0.041609977,-0.714749
0.041723356,-0.717260
0.041836735,-0.719745
0.041950113,-0.722202
0.042063492,-0.724631
0.042176871,-0.727031
0.042290249,-0.729402
0.042403628,-0.731744
0.042517007,-0.734057
0.042630385,-0.736339
0.042743764,-0.738591
0.042857143,-0.740813
0.042970522,-0.743003
0.043083900,-0.745161
0.043197279,-0.747288
0.043310658,-0.749382
0.043424036,-0.751444
0.043537415,-0.753472
0.043650794,-0.755468
0.043764172,-0.757429
0.043877551,-0.759356
0.043990930,-0.761249
0.044104308,-0.763107
0.044217687,-0.764929
0.044331066,-0.766716
0.044444444,-0.768466
0.044557823,-0.770180
0.044671202,-0.771857
0.044784580,-0.773497
0.044897959,-0.775099
0.045011338,-0.776663
0.045124717,-0.778188
0.045238095,-0.779674
0.045351474,-0.781122
0.045464853,-0.782529
0.045578231,-0.783897
0.045691610,-0.785224
0.045804989,-0.786510
0.045918367,-0.787755
0.046031746,-0.788959
0.046145125,-0.790121
0.046258503,-0.791240
0.046371882,-0.792317
0.046485261,-0.793351
0.046598639,-0.794341
0.046712018,-0.795288
0.046825397,-0.796191
0.046938776,-0.797049
0.047052154,-0.797863
0.047165533,-0.798632
0.047278912,-0.799356
0.047392290,-0.800033
0.047505669,-0.800665
0.047619048,-0.801250
0.047732426,-0.801789
0.047845805,-0.802280
0.047959184,-0.802724
0.048072562,-0.803120
0.048185941,-0.803469
0.048299320,-0.803768
0.048412698,-0.804019
0.048526077,-0.804221
0.048639456,-0.804373
0.048752834,-0.804475
0.048866213,-0.804527
0.048979592,-0.804529
0.049092971,-0.804481
0.049206349,-0.804381
0.049319728,-0.804231
0.049433107,-0.804029
0.049546485,-0.803775
0.049659864,-0.803469
0.049773243,-0.803112
0.049886621,-0.802702
0.050000000,-0.802239
0.050113379,-0.801723
0.050226757,-0.801155
0.050340136,-0.800533
0.050453515,-0.799857
0.050566893,-0.799128
0.050680272,-0.798345
0.050793651,-0.797508
0.050907029,-0.796617
0.051020408,-0.795671
0.051133787,-0.794670
0.051247166,-0.793615
0.051360544,-0.792505
0.051473923,-0.791340
0.051587302,-0.790119
0.051700680,-0.788843
0.051814059,-0.787511
0.051927438,-0.786124
0.052040816,-0.784681
0.052154195,-0.783181
0.052267574,-0.781626
0.052380952,-0.780015
0.052494331,-0.778346
0.052607710,-0.776622
0.052721088,-0.774841
0.052834467,-0.773003
0.052947846,-0.771108
0.053061224,-0.769156
0.053174603,-0.767148
0.053287982,-0.765082
0.053401361,-0.762960
0.053514739,-0.760779
0.053628118,-0.758542
0.053741497,-0.756248
0.053854875,-0.753896
0.053968254,-0.751487
0.054081633,-0.749021
0.054195011,-0.746498
0.054308390,-0.743917
0.054421769,-0.741279
0.054535147,-0.738584
0.054648526,-0.735832
0.054761905,-0.733023
0.054875283,-0.730157
0.054988662,-0.727234
0.055102041,-0.724254
0.055215420,-0.721218
0.055328798,-0.718125
0.055442177,-0.714976
0.055555556,-0.711770
0.055668934,-0.708509
0.055782313,-0.705192
0.055895692,-0.701819
0.056009070,-0.698391
0.056122449,-0.694908
0.056235828,-0.691369
0.056349206,-0.687776
0.056462585,-0.684128
0.056575964,-0.680425
0.056689342,-0.676668
0.056802721,-0.672858
0.056916100,-0.668993
0.057029478,-0.665075
0.057142857,-0.661105
0.057256236,-0.657081
0.057369615,-0.653004
0.057482993,-0.648876
0.057596372,-0.644695
0.057709751,-0.640463
0.057823129,-0.636179
0.057936508,-0.631845
0.058049887,-0.627460
0.058163265,-0.623024
0.058276644,-0.618539
0.058390023,-0.614004
0.058503401,-0.609420
0.058616780,-0.604787
0.058730159,-0.600105
0.058843537,-0.595376
0.058956916,-0.590599
0.059070295,-0.585775
0.059183673,-0.580904
0.059297052,-0.575987
0.059410431,-0.571025
0.059523810,-0.566016
0.059637188,-0.560963
0.059750567,-0.555865
0.059863946,-0.550724
0.059977324,-0.545539
0.060090703,-0.540310
0.060204082,-0.535040
0.060317460,-0.529727
0.060430839,-0.524372
0.060544218,-0.518977
0.060657596,-0.513541
0.060770975,-0.508065
0.060884354,-0.502549
0.060997732,-0.496995
0.061111111,-0.491402
0.061224490,-0.485772
0.061337868,-0.480104
0.061451247,-0.474400
0.061564626,-0.468660
0.061678005,-0.462884
0.061791383,-0.457074
0.061904762,-0.451229
0.062018141,-0.445351
0.062131519,-0.439440
0.062244898,-0.433497
0.062358277,-0.427522
0.062471655,-0.421516
0.062585034,-0.415480
0.062698413,-0.409413
0.062811791,-0.403318
0.062925170,-0.397195
0.063038549,-0.391044
0.063151927,-0.384865
0.063265306,-0.378661
0.063378685,-0.372431
0.063492063,-0.366175
0.063605442,-0.359895
0.063718821,-0.353592
0.063832200,-0.347265
0.063945578,-0.340917
0.064058957,-0.334546
0.064172336,-0.328154
0.064285714,-0.321742
0.064399093,-0.315311
0.064512472,-0.308860
0.064625850,-0.302391
0.064739229,-0.295905
0.064852608,-0.289401
0.064965986,-0.282881
0.065079365,-0.276346
0.065192744,-0.269795
0.065306122,-0.263231
0.065419501,-0.256652
0.065532880,-0.250061
0.065646259,-0.243458
0.065759637,-0.236843
0.065873016,-0.230217
0.065986395,-0.223581
0.066099773,-0.216936
0.066213152,-0.210283
0.066326531,-0.203621
0.066439909,-0.196952
0.066553288,-0.190276
0.066666667,-0.183595
0.066780045,-0.176908
0.066893424,-0.170217
0.067006803,-0.163523
0.067120181,-0.156826
0.067233560,-0.150126
0.067346939,-0.143426
0.067460317,-0.136724
0.067573696,-0.130023
0.067687075,-0.123321
0.067800454,-0.116622
0.067913832,-0.109924
0.068027211,-0.103229
0.068140590,-0.096538
0.068253968,-0.089851
0.068367347,-0.083168
0.068480726,-0.076491
0.068594104,-0.069820
0.068707483,-0.063156
0.068820862,-0.056499
0.068934240,-0.049851
0.069047619,-0.043211
0.069160998,-0.036581
0.069274376,-0.029961
0.069387755,-0.023352
0.069501134,-0.016754
0.069614512,-0.010169
0.069727891,-0.003596
0.069841270,0.002964
0.069954649,0.009509
0.070068027,0.016040
0.070181406,0.022556
0.070294785,0.029056
0.070408163,0.035539
0.070521542,0.042005
0.070634921,0.048454
0.070748299,0.054885
0.070861678,0.061296
0.070975057,0.067688
0.071088435,0.074060
0.071201814,0.080411
0.071315193,0.086740
0.071428571,0.093048
0.071541950,0.099333
0.071655329,0.105596
0.071768707,0.111834
0.071882086,0.118048
0.071995465,0.124237
0.072108844,0.130402
0.072222222,0.136540
0.072335601,0.142651
0.072448980,0.148736
0.072562358,0.154794
0.072675737,0.160823
0.072789116,0.166823
0.072902494,0.172795
0.073015873,0.178736
0.073129252,0.184648
0.073242630,0.190529
0.073356009,0.196379
0.073469388,0.202197
0.073582766,0.207983
0.073696145,0.213736
0.073809524,0.219456
0.073922902,0.225142
0.074036281,0.230794
0.074149660,0.236411
0.074263039,0.241993
0.074376417,0.247540
0.074489796,0.253051
0.074603175,0.258525
0.074716553,0.263962
0.074829932,0.269362
0.074943311,0.274725
0.075056689,0.280049
0.075170068,0.285336
0.075283447,0.290583
0.075396825,0.295791
0.075510204,0.300960
0.075623583,0.306090
0.075736961,0.311179
0.075850340,0.316227
0.075963719,0.321235
0.076077098,0.326202
0.076190476,0.331127
0.076303855,0.336011
0.076417234,0.340852
0.076530612,0.345652
0.076643991,0.350408
0.076757370,0.355123
0.076870748,0.359793
0.076984127,0.364421
0.077097506,0.369006
0.077210884,0.373546
0.077324263,0.378042
0.077437642,0.382493
0.077551020,0.386900
0.077664399,0.391263
0.077777778,0.395580
0.077891156,0.399852
0.078004535,0.404078
0.078117914,0.408259
0.078231293,0.412393
0.078344671,0.416481
0.078458050,0.420523
0.078571429,0.424518
0.078684807,0.428466
0.078798186,0.432367
0.078911565,0.436219
0.079024943,0.440025
0.079138322,0.443782
0.079251701,0.447492
0.079365079,0.451153
0.079478458,0.454766
0.079591837,0.458330
0.079705215,0.461846
0.079818594,0.465312
0.079931973,0.468730
0.080045351,0.472099
0.080158730,0.475419
0.080272109,0.478689
0.080385488,0.481910
0.080498866,0.485082
0.080612245,0.488203
0.080725624,0.491275
0.080839002,0.494297
0.080952381,0.497269
0.081065760,0.500191
0.081179138,0.503062
0.081292517,0.505884
0.081405896,0.508655
0.081519274,0.511376
0.081632653,0.514046
0.081746032,0.516666
0.081859410,0.519235
0.081972789,0.521754
0.082086168,0.524222
0.082199546,0.526640
0.082312925,0.529006
0.082426304,0.531322
0.082539683,0.533586
0.082653061,0.535800
0.082766440,0.537963
0.082879819,0.540075
0.082993197,0.542136
0.083106576,0.544147
0.083219955,0.546105
0.083333333,0.548012
0.083446712,0.549869
0.083560091,0.551674
0.083673469,0.553428
0.083786848,0.555131
0.083900227,0.556782
0.084013605,0.558382
0.084126984,0.559931
0.084240363,0.561428
0.084353741,0.562874
0.084467120,0.564269
0.084580499,0.565613
0.084693878,0.566905
0.084807256,0.568146
0.084920635,0.569336
0.085034014,0.570475
0.085147392,0.571563
0.085260771,0.572600
0.085374150,0.573586
0.085487528,0.574521
0.085600907,0.575406
0.085714286,0.576239
0.085827664,0.577022
0.085941043,0.577755
0.086054422,0.578437
0.086167800,0.579069
0.086281179,0.579650
0.086394558,0.580182
0.086507937,0.580663
0.086621315,0.581095
0.086734694,0.581477
0.086848073,0.581810
0.086961451,0.582093
0.087074830,0.582327
0.087188209,0.582513
0.087301587,0.582649
0.087414966,0.582737
0.087528345,0.582777
0.087641723,0.582768
0.087755102,0.582711
0.087868481,0.582606
0.087981859,0.582455
0.088095238,0.582255
0.088208617,0.582009
0.088321995,0.581716
0.088435374,0.581376
0.088548753,0.580990
0.088662132,0.580557
0.088775510,0.580079
0.088888889,0.579555
0.089002268,0.578986
0.089115646,0.578372
0.089229025,0.577713
0.089342404,0.577010
0.089455782,0.576263
0.089569161,0.575472
0.089682540,0.574638
0.089795918,0.573760
0.089909297,0.572839
0.090022676,0.571877
0.090136054,0.570871
0.090249433,0.569824
0.090362812,0.568736
0.090476190,0.567606
0.090589569,0.566436
0.090702948,0.565224
0.090816327,0.563972
0.090929705,0.562680
0.091043084,0.561348
0.091156463,0.559978
0.091269841,0.558568
0.091383220,0.557119
0.091496599,0.555632
0.091609977,0.554107
0.091723356,0.552545
0.091836735,0.550946
0.091950113,0.549309
0.092063492,0.547637
0.092176871,0.545928
0.092290249,0.544183
0.092403628,0.542404
0.092517007,0.540590
0.092630385,0.538741
0.092743764,0.536858
0.092857143,0.534941
0.092970522,0.532992
0.093083900,0.531009
0.093197279,0.528993
0.093310658,0.526946
0.093424036,0.524867
0.093537415,0.522756
0.093650794,0.520615
0.093764172,0.518443
0.093877551,0.516241
0.093990930,0.514009
0.094104308,0.511748
0.094217687,0.509458
0.094331066,0.507140
0.094444444,0.504793
0.094557823,0.502419
0.094671202,0.500018
0.094784580,0.497589
0.094897959,0.495134
0.095011338,0.492653
0.095124717,0.490146
0.095238095,0.487613
0.095351474,0.485055
0.095464853,0.482473
0.095578231,0.479866
0.095691610,0.477235
0.095804989,0.474581
0.095918367,0.471903
0.096031746,0.469203
0.096145125,0.466480
0.096258503,0.463735
0.096371882,0.460968
0.096485261,0.458180
0.096598639,0.455371
0.096712018,0.452541
0.096825397,0.449691
0.096938776,0.446821
0.097052154,0.443932
0.097165533,0.441024
0.097278912,0.438097
0.097392290,0.435152
0.097505669,0.432189
0.097619048,0.429209
0.097732426,0.426211
0.097845805,0.423198
0.097959184,0.420167
0.098072562,0.417122
0.098185941,0.414060
0.098299320,0.410983
0.098412698,0.407892
0.098526077,0.404786
0.098639456,0.401666
0.098752834,0.398533
0.098866213,0.395387
0.098979592,0.392227
0.099092971,0.389055
0.099206349,0.385871
0.099319728,0.382676
0.099433107,0.379469
0.099546485,0.376251
0.099659864,0.373022
0.099773243,0.369782
0.099886621,0.366533
0.100000000,0.363273
0.100113379,0.360005
0.100226757,0.356727
0.100340136,0.353440
0.100453515,0.350145
0.100566893,0.346842
0.100680272,0.343531
0.100793651,0.340213
0.100907029,0.336887
0.101020408,0.333554
0.101133787,0.330214
0.101247166,0.326868
0.101360544,0.323516
0.101473923,0.320158
0.101587302,0.316795
0.101700680,0.313426
0.101814059,0.310053
0.101927438,0.306674
0.102040816,0.303292
0.102154195,0.299904
0.102267574,0.296513
0.102380952,0.293118
0.102494331,0.289719
0.102607710,0.286318
0.102721088,0.282913
0.102834467,0.279505
0.102947846,0.276095
0.103061224,0.272682
0.103174603,0.269268
0.103287982,0.265851
0.103401361,0.262433
0.103514739,0.259013
0.103628118,0.255592
0.103741497,0.252170
0.103854875,0.248746
0.103968254,0.245323
0.104081633,0.241898
0.104195011,0.238474
0.104308390,0.235049
0.104421769,0.231625
0.104535147,0.228200
0.104648526,0.224776
0.104761905,0.221352
0.104875283,0.217929
0.104988662,0.214507
0.105102041,0.211085
0.105215420,0.207664
0.105328798,0.204244
0.105442177,0.200826
0.105555556,0.197408
0.105668934,0.193992
0.105782313,0.190578
0.105895692,0.187165
0.106009070,0.183754
0.106122449,0.180344
0.106235828,0.176936
0.106349206,0.173530
0.106462585,0.170126
0.106575964,0.166725
0.106689342,0.163325
0.106802721,0.159927
0.106916100,0.156532
0.107029478,0.153139
0.107142857,0.149748
0.107256236,0.146360
0.107369615,0.142974
0.107482993,0.139591
0.107596372,0.136210
0.107709751,0.132832
0.107823129,0.129457
0.107936508,0.126085
0.108049887,0.122715
0.108163265,0.119349
0.108276644,0.115985
0.108390023,0.112624
0.108503401,0.109267
0.108616780,0.105912
0.108730159,0.102561
0.108843537,0.099213
0.108956916,0.095869
0.109070295,0.092527
0.109183673,0.089190
0.109297052,0.085855
0.109410431,0.082525
0.109523810,0.079197
0.109637188,0.075874
0.109750567,0.072554
0.109863946,0.069237
0.109977324,0.065925
0.110090703,0.062616
0.110204082,0.059311
0.110317460,0.056009
0.110430839,0.052712
0.110544218,0.049418
0.110657596,0.046128
0.110770975,0.042842
0.110884354,0.039560
0.110997732,0.036281
0.111111111,0.033007
0.111224490,0.029737
0.111337868,0.026471
0.111451247,0.023208
0.111564626,0.019949
0.111678005,0.016694
0.111791383,0.013443
0.111904762,0.010195
0.112018141,0.006952
0.112131519,0.003712
0.112244898,0.000475
0.112358277,-0.002757
0.112471655,-0.005986
0.112585034,-0.009211
0.112698413,-0.012432
0.112811791,-0.015649
0.112925170,-0.018863
0.113038549,-0.022073
0.113151927,-0.025279
0.113265306,-0.028481
0.113378685,-0.031680
0.113492063,-0.034874
0.113605442,-0.038065
0.113718821,-0.041252
0.113832200,-0.044435
0.113945578,-0.047615
0.114058957,-0.050791
0.114172336,-0.053963
0.114285714,-0.057132
0.114399093,-0.060297
0.114512472,-0.063458
0.114625850,-0.066616
0.114739229,-0.069770
0.114852608,-0.072920
0.114965986,-0.076067
0.115079365,-0.079210
0.115192744,-0.082349
0.115306122,-0.085485
0.115419501,-0.088618
0.115532880,-0.091746
0.115646259,-0.094871
0.115759637,-0.097993
0.115873016,-0.101111
0.115986395,-0.104225
0.116099773,-0.107335
0.116213152,-0.110442
0.116326531,-0.113545
0.116439909,-0.116644
0.116553288,-0.119739
0.116666667,-0.122831
0.116780045,-0.125920
0.116893424,-0.129005
0.117006803,-0.132087
0.117120181,-0.135165
0.117233560,-0.138240
0.117346939,-0.141311
0.117460317,-0.144380
0.117573696,-0.147445
0.117687075,-0.150507
0.117800454,-0.153566
0.117913832,-0.156622
0.118027211,-0.159675
0.118140590,-0.162725
0.118253968,-0.165772
0.118367347,-0.168816
0.118480726,-0.171858
0.118594104,-0.174897
0.118707483,-0.177933
0.118820862,-0.180967
0.118934240,-0.183998
0.119047619,-0.187027
0.119160998,-0.190054
0.119274376,-0.193079
0.119387755,-0.196101
0.119501134,-0.199122
0.119614512,-0.202140
0.119727891,-0.205157
0.119841270,-0.208172
0.119954649,-0.211185
0.120068027,-0.214197
0.120181406,-0.217207
0.120294785,-0.220216
0.120408163,-0.223224
0.120521542,-0.226230
0.120634921,-0.229235
0.120748299,-0.232240
0.120861678,-0.235243
0.120975057,-0.238245
0.121088435,-0.241246
0.121201814,-0.244247
0.121315193,-0.247247
0.121428571,-0.250247
0.121541950,-0.253246
0.121655329,-0.256244
0.121768707,-0.259243
0.121882086,-0.262241
0.121995465,-0.265238
0.122108844,-0.268236
0.122222222,-0.271233
0.122335601,-0.274231
0.122448980,-0.277228
0.122562358,-0.280226
0.122675737,-0.283223
0.122789116,-0.286220
0.122902494,-0.289218
0.123015873,-0.292216
0.123129252,-0.295214
0.123242630,-0.298213
0.123356009,-0.301213
0.123469388,-0.304213
0.123582766,-0.307214
0.123696145,-0.310216
0.123809524,-0.313218
0.123922902,-0.316222
0.124036281,-0.319227
0.124149660,-0.322232
0.124263039,-0.325239
0.124376417,-0.328247
0.124489796,-0.331256
0.124603175,-0.334266
0.124716553,-0.337278
0.124829932,-0.340290
0.124943311,-0.343303
0.125056689,-0.346318
0.125170068,-0.349333
0.125283447,-0.352350
0.125396825,-0.355367
0.125510204,-0.358386
0.125623583,-0.361405
0.125736961,-0.364426
0.125850340,-0.367447
0.125963719,-0.370469
0.126077098,-0.373491
0.126190476,-0.376514
0.126303855,-0.379538
0.126417234,-0.382562
0.126530612,-0.385587
0.126643991,-0.388611
0.126757370,-0.391636
0.126870748,-0.394662
0.126984127,-0.397687
0.127097506,-0.400711
0.127210884,-0.403736
0.127324263,-0.406760
0.127437642,-0.409784
0.127551020,-0.412807
0.127664399,-0.415829
0.127777778,-0.418849
0.127891156,-0.421869
0.128004535,-0.424887
0.128117914,-0.427904
0.128231293,-0.430918
0.128344671,-0.433931
0.128458050,-0.436942
0.128571429,-0.439951
0.128684807,-0.442957
0.128798186,-0.445960
0.128911565,-0.448961
0.129024943,-0.451959
0.129138322,-0.454953
0.129251701,-0.457944
0.129365079,-0.460932
0.129478458,-0.463915
0.129591837,-0.466895
0.129705215,-0.469871
0.129818594,-0.472842
0.129931973,-0.475808
0.130045351,-0.478769
0.130158730,-0.481726
0.130272109,-0.484677
0.130385488,-0.487623
0.130498866,-0.490563
0.130612245,-0.493497
0.130725624,-0.496425
0.130839002,-0.499346
0.130952381,-0.502261
0.131065760,-0.505169
0.131179138,-0.508069
0.131292517,-0.510962
0.131405896,-0.513848
0.131519274,-0.516725
0.131632653,-0.519594
0.131746032,-0.522455
0.131859410,-0.525306
0.131972789,-0.528149
0.132086168,-0.530981
0.132199546,-0.533804
0.132312925,-0.536617
0.132426304,-0.539419
0.132539683,-0.542211
0.132653061,-0.544991
0.132766440,-0.547759
0.132879819,-0.550516
0.132993197,-0.553260
0.133106576,-0.555992
0.133219955,-0.558711
0.133333333,-0.561416
0.133446712,-0.564108
0.133560091,-0.566786
0.133673469,-0.569449
0.133786848,-0.572097
0.133900227,-0.574730
0.134013605,-0.577348
0.134126984,-0.579949
0.134240363,-0.582534
0.134353741,-0.585101
0.134467120,-0.587652
0.134580499,-0.590185
0.134693878,-0.592700
0.134807256,-0.595196
0.134920635,-0.597673
0.135034014,-0.600131
0.135147392,-0.602570
0.135260771,-0.604988
0.135374150,-0.607386
0.135487528,-0.609763
0.135600907,-0.612119
0.135714286,-0.614454
0.135827664,-0.616767
0.135941043,-0.619057
0.136054422,-0.621325
0.136167800,-0.623569
0.136281179,-0.625790
0.136394558,-0.627987
0.136507937,-0.630160
0.136621315,-0.632308
0.136734694,-0.634431
0.136848073,-0.636528
0.136961451,-0.638599
0.137074830,-0.640644
0.137188209,-0.642661
0.137301587,-0.644652
0.137414966,-0.646614
0.137528345,-0.648548
0.137641723,-0.650454
0.137755102,-0.652330
0.137868481,-0.654177
0.137981859,-0.655993
0.138095238,-0.657779
0.138208617,-0.659534
0.138321995,-0.661258
0.138435374,-0.662950
0.138548753,-0.664610
0.138662132,-0.666237
0.138775510,-0.667831
0.138888889,-0.669391
0.139002268,-0.670917
0.139115646,-0.672409
0.139229025,-0.673865
0.139342404,-0.675286
0.139455782,-0.676672
0.139569161,-0.678021
0.139682540,-0.679333
0.139795918,-0.680609
0.139909297,-0.681846
0.140022676,-0.683046
0.140136054,-0.684207
0.140249433,-0.685330
0.140362812,-0.686413
0.140476190,-0.687457
0.140589569,-0.688461
0.140702948,-0.689424
0.140816327,-0.690347
0.140929705,-0.691229
0.141043084,-0.692069
0.141156463,-0.692868
0.141269841,-0.693624
0.141383220,-0.694337
0.141496599,-0.695008
0.141609977,-0.695636
0.141723356,-0.696220
0.141836735,-0.696760
0.141950113,-0.697256
0.142063492,-0.697707
0.142176871,-0.698113
0.142290249,-0.698475
0.142403628,-0.698790
0.142517007,-0.699060
0.142630385,-0.699284
0.142743764,-0.699462
0.142857143,-0.699592
0.142970522,-0.699677
0.143083900,-0.699713
0.143197279,-0.699703
0.143310658,-0.699645
0.143424036,-0.699538
0.143537415,-0.699383
0.143650794,-0.699180
0.143764172,-0.698928
0.143877551,-0.698627
0.143990930,-0.698277
0.144104308,-0.697877
0.144217687,-0.697427
0.144331066,-0.696928
0.144444444,-0.696378
0.144557823,-0.695778
0.144671202,-0.695128
0.144784580,-0.694427
0.144897959,-0.693675
0.145011338,-0.692872
0.145124717,-0.692018
0.145238095,-0.691113
0.145351474,-0.690156
0.145464853,-0.689148
0.145578231,-0.688088
0.145691610,-0.686976
0.145804989,-0.685812
0.145918367,-0.684596
0.146031746,-0.683329
0.146145125,-0.682008
0.146258503,-0.680636
0.146371882,-0.679211
0.146485261,-0.677733
0.146598639,-0.676204
0.146712018,-0.674621
0.146825397,-0.672986
0.146938776,-0.671298
0.147052154,-0.669558
0.147165533,-0.667765
0.147278912,-0.665919
0.147392290,-0.664021
0.147505669,-0.662070
0.147619048,-0.660067
0.147732426,-0.658011
0.147845805,-0.655902
0.147959184,-0.653741
0.148072562,-0.651527
0.148185941,-0.649261
0.148299320,-0.646942
0.148412698,-0.644570
0.148526077,-0.642147
0.148639456,-0.639670
0.148752834,-0.637141
0.148866213,-0.634560
0.148979592,-0.631927
0.149092971,-0.629241
0.149206349,-0.626503
0.149319728,-0.623712
0.149433107,-0.620870
0.149546485,-0.617976
0.149659864,-0.615030
0.149773243,-0.612032
0.149886621,-0.608982
0.150000000,-0.605881
0.150113379,-0.602729
0.150226757,-0.599526
0.150340136,-0.596271
0.150453515,-0.592966
0.150566893,-0.589610
0.150680272,-0.586203
0.150793651,-0.582746
0.150907029,-0.579239
0.151020408,-0.575682
0.151133787,-0.572075
0.151247166,-0.568418
0.151360544,-0.564712
0.151473923,-0.560956
0.151587302,-0.557152
0.151700680,-0.553299
0.151814059,-0.549397
0.151927438,-0.545447
0.152040816,-0.541449
0.152154195,-0.537403
0.152267574,-0.533309
0.152380952,-0.529169
0.152494331,-0.524981
0.152607710,-0.520747
0.152721088,-0.516466
0.152834467,-0.512139
0.152947846,-0.507766
0.153061224,-0.503347
0.153174603,-0.498884
0.153287982,-0.494375
0.153401361,-0.489822
0.153514739,-0.485224
0.153628118,-0.480583
0.153741497,-0.475898
0.153854875,-0.471170
0.153968254,-0.466398
0.154081633,-0.461585
0.154195011,-0.456729
0.154308390,-0.451832
0.154421769,-0.446893
0.154535147,-0.441914
0.154648526,-0.436894
0.154761905,-0.431834
0.154875283,-0.426734
0.154988662,-0.421595
0.155102041,-0.416418
0.155215420,-0.411202
0.155328798,-0.405948
0.155442177,-0.400657
0.155555556,-0.395329
0.155668934,-0.389965
0.155782313,-0.384564
0.155895692,-0.379128
0.156009070,-0.373657
0.156122449,-0.368152
0.156235828,-0.362612
0.156349206,-0.357039
0.156462585,-0.351432
0.156575964,-0.345794
0.156689342,-0.340123
0.156802721,-0.334421
0.156916100,-0.328687
0.157029478,-0.322924
0.157142857,-0.317130
0.157256236,-0.311307
0.157369615,-0.305454
0.157482993,-0.299574
0.157596372,-0.293665
0.157709751,-0.287730
0.157823129,-0.281767
0.157936508,-0.275778
0.158049887,-0.269764
0.158163265,-0.263724
0.158276644,-0.257659
0.158390023,-0.251571
0.158503401,-0.245460
0.158616780,-0.239325
0.158730159,-0.233168
0.158843537,-0.226989
0.158956916,-0.220790
0.159070295,-0.214569
0.159183673,-0.208329
0.159297052,-0.202069
0.159410431,-0.195791
0.159523810,-0.189494
0.159637188,-0.183179
0.159750567,-0.176847
0.159863946,-0.170499
0.159977324,-0.164135
0.160090703,-0.157755
0.160204082,-0.151361
0.160317460,-0.144953
0.160430839,-0.138531
0.160544218,-0.132096
0.160657596,-0.125649
0.160770975,-0.119190
0.160884354,-0.112720
0.160997732,-0.106239
0.161111111,-0.099749
0.161224490,-0.093249
0.161337868,-0.086741
0.161451247,-0.080225
0.161564626,-0.073701
0.161678005,-0.067170
0.161791383,-0.060634
0.161904762,-0.054091
0.162018141,-0.047544
0.162131519,-0.040993
0.162244898,-0.034438
0.162358277,-0.027880
0.162471655,-0.021320
0.162585034,-0.014758
0.162698413,-0.008194
0.162811791,-0.001631
0.162925170,0.004933
0.163038549,0.011495
0.163151927,0.018057
0.163265306,0.024616
0.163378685,0.031172
0.163492063,0.037726
0.163605442,0.044275
0.163718821,0.050819
0.163832200,0.057358
0.163945578,0.063892
0.164058957,0.070418
0.164172336,0.076938
0.164285714,0.083449
0.164399093,0.089952
0.164512472,0.096446
0.164625850,0.102930
0.164739229,0.109404
0.164852608,0.115867
0.164965986,0.122318
0.165079365,0.128756
0.165192744,0.135182
0.165306122,0.141595
0.165419501,0.147993
0.165532880,0.154377
0.165646259,0.160745
0.165759637,0.167098
0.165873016,0.173433
0.165986395,0.179752
0.166099773,0.186052
0.166213152,0.192335
0.166326531,0.198598
0.166439909,0.204842
0.166553288,0.211066
0.166666667,0.217268
0.166780045,0.223450
0.166893424,0.229609
0.167006803,0.235747
0.167120181,0.241861
0.167233560,0.247951
0.167346939,0.254017
0.167460317,0.260058
0.167573696,0.266074
0.167687075,0.272064
0.167800454,0.278028
0.167913832,0.283965
0.168027211,0.289874
0.168140590,0.295755
0.168253968,0.301608
0.168367347,0.307431
0.168480726,0.313224
0.168594104,0.318988
0.168707483,0.324721
0.168820862,0.330422
0.168934240,0.336092
0.169047619,0.341730
0.169160998,0.347335
0.169274376,0.352906
0.169387755,0.358444
0.169501134,0.363949
0.169614512,0.369418
0.169727891,0.374853
0.169841270,0.380252
0.169954649,0.385616
0.170068027,0.390943
0.170181406,0.396234
0.170294785,0.401487
0.170408163,0.406703
0.170521542,0.411881
0.170634921,0.417020
0.170748299,0.422121
0.170861678,0.427182
0.170975057,0.432205
0.171088435,0.437186
0.171201814,0.442128
0.171315193,0.447029
0.171428571,0.451889
0.171541950,0.456708
0.171655329,0.461485
0.171768707,0.466220
0.171882086,0.470912
0.171995465,0.475562
0.172108844,0.480168
0.172222222,0.484732
0.172335601,0.489252
0.172448980,0.493727
0.172562358,0.498159
0.172675737,0.502546
0.172789116,0.506888
0.172902494,0.511185
0.173015873,0.515436
0.173129252,0.519642
0.173242630,0.523803
0.173356009,0.527916
0.173469388,0.531983
0.173582766,0.536004
0.173696145,0.539977
0.173809524,0.543904
0.173922902,0.547782
0.174036281,0.551614
0.174149660,0.555397
0.174263039,0.559133
0.174376417,0.562821
0.174489796,0.566460
0.174603175,0.570051
0.174716553,0.573593
0.174829932,0.577086
0.174943311,0.580531
0.175056689,0.583926
0.175170068,0.587272
0.175283447,0.590569
0.175396825,0.593817
0.175510204,0.597014
0.175623583,0.600163
0.175736961,0.603261
0.175850340,0.606309
0.175963719,0.609306
0.176077098,0.612254
0.176190476,0.615151
0.176303855,0.617998
0.176417234,0.620795
0.176530612,0.623540
0.176643991,0.626235
0.176757370,0.628879
0.176870748,0.631473
0.176984127,0.634016
0.177097506,0.636508
0.177210884,0.638949
0.177324263,0.641340
0.177437642,0.643679
0.177551020,0.645967
0.177664399,0.648205
0.177777778,0.650391
0.177891156,0.652527
0.178004535,0.654611
0.178117914,0.656645
0.178231293,0.658628
0.178344671,0.660559
0.178458050,0.662440
0.178571429,0.664270
0.178684807,0.666049
0.178798186,0.667777
0.178911565,0.669455
0.179024943,0.671082
0.179138322,0.672659
0.179251701,0.674186
0.179365079,0.675662
0.179478458,0.677088
0.179591837,0.678463
0.179705215,0.679789
0.179818594,0.681065
0.179931973,0.682292
0.180045351,0.683469
0.180158730,0.684596
0.180272109,0.685674
0.180385488,0.686704
0.180498866,0.687685
0.180612245,0.688616
0.180725624,0.689500
0.180839002,0.690335
0.180952381,0.691122
0.181065760,0.691861
0.181179138,0.692553
0.181292517,0.693197
0.181405896,0.693793
0.181519274,0.694343
0.181632653,0.694847
0.181746032,0.695303
0.181859410,0.695713
0.181972789,0.696078
0.182086168,0.696396
0.182199546,0.696669
0.182312925,0.696897
0.182426304,0.697080
0.182539683,0.697218
0.182653061,0.697312
0.182766440,0.697361
0.182879819,0.697367
0.182993197,0.697328
0.183106576,0.697247
0.183219955,0.697122
0.183333333,0.696954
0.183446712,0.696744
0.183560091,0.696491
0.183673469,0.696197
0.183786848,0.695861
0.183900227,0.695484
0.184013605,0.695065
0.184126984,0.694605
0.184240363,0.694105
0.184353741,0.693565
0.184467120,0.692984
0.184580499,0.692365
0.184693878,0.691706
0.184807256,0.691008
0.184920635,0.690271
0.185034014,0.689496
0.185147392,0.688683
0.185260771,0.687832
0.185374150,0.686944
0.185487528,0.686018
0.185600907,0.685056
0.185714286,0.684057
0.185827664,0.683021
0.185941043,0.681950
0.186054422,0.680843
0.186167800,0.679701
0.186281179,0.678523
0.186394558,0.677311
0.186507937,0.676064
0.186621315,0.674783
0.186734694,0.673468
0.186848073,0.672119
0.186961451,0.670737
0.187074830,0.669322
0.187188209,0.667874
0.187301587,0.666394
0.187414966,0.664881
0.187528345,0.663337
0.187641723,0.661761
0.187755102,0.660153
0.187868481,0.658515
0.187981859,0.656846
0.188095238,0.655146
0.188208617,0.653416
0.188321995,0.651657
0.188435374,0.649867
0.188548753,0.648048
0.188662132,0.646200
0.188775510,0.644324
0.188888889,0.642418
0.189002268,0.640484
0.189115646,0.638523
0.189229025,0.636533
0.189342404,0.634516
0.189455782,0.632472
0.189569161,0.630401
0.189682540,0.628303
0.189795918,0.626179
0.189909297,0.624029
0.190022676,0.621853
0.190136054,0.619651
0.190249433,0.617424
0.190362812,0.615172
0.190476190,0.612896
0.190589569,0.610595
0.190702948,0.608269
0.190816327,0.605920
0.190929705,0.603548
0.191043084,0.601151
0.191156463,0.598733
0.191269841,0.596291
0.191383220,0.593826
0.191496599,0.591340
0.191609977,0.588831
0.191723356,0.586301
0.191836735,0.583749
0.191950113,0.581177
0.192063492,0.578584
0.192176871,0.575970
0.192290249,0.573335
0.192403628,0.570682
0.192517007,0.568008
0.192630385,0.565315
0.192743764,0.562603
0.192857143,0.559873
0.192970522,0.557124
0.193083900,0.554357
0.193197279,0.551573
0.193310658,0.548771
0.193424036,0.545952
0.193537415,0.543116
0.193650794,0.540263
0.193764172,0.537395
0.193877551,0.534510
0.193990930,0.531610
0.194104308,0.528694
0.194217687,0.525763
0.194331066,0.522817
0.194444444,0.519857
0.194557823,0.516882
0.194671202,0.513893
0.194784580,0.510890
0.194897959,0.507875
0.195011338,0.504845
0.195124717,0.501803
0.195238095,0.498748
0.195351474,0.495681
0.195464853,0.492601
0.195578231,0.489510
0.195691610,0.486407
0.195804989,0.483293
0.195918367,0.480168
0.196031746,0.477033
0.196145125,0.473887
0.196258503,0.470731
0.196371882,0.467565
0.196485261,0.464389
0.196598639,0.461203
0.196712018,0.458009
0.196825397,0.454806
0.196938776,0.451593
0.197052154,0.448373
0.197165533,0.445144
0.197278912,0.441907
0.197392290,0.438662
0.197505669,0.435410
0.197619048,0.432150
0.197732426,0.428884
0.197845805,0.425610
0.197959184,0.422330
0.198072562,0.419043
0.198185941,0.415751
0.198299320,0.412452
0.198412698,0.409147
0.198526077,0.405838
0.198639456,0.402522
0.198752834,0.399202
0.198866213,0.395876
0.198979592,0.392546
0.199092971,0.389212
0.199206349,0.385872
0.199319728,0.382529
0.199433107,0.379182
0.199546485,0.375831
0.199659864,0.372476
0.199773243,0.369118
0.199886621,0.365757
0.200000000,0.362392
0.200113379,0.359025
0.200226757,0.355655
0.200340136,0.352283
0.200453515,0.348907
0.200566893,0.345531
0.200680272,0.342151
0.200793651,0.338770
0.200907029,0.335387
0.201020408,0.332002
0.201133787,0.328616
0.201247166,0.325228
0.201360544,0.321840
0.201473923,0.318450
0.201587302,0.315059
0.201700680,0.311667
0.201814059,0.308274
0.201927438,0.304880
0.202040816,0.301487
0.202154195,0.298092
0.202267574,0.294698
0.202380952,0.291303
0.202494331,0.287909
0.202607710,0.284514
0.202721088,0.281120
0.202834467,0.277726
0.202947846,0.274333
0.203061224,0.270940
0.203174603,0.267548
0.203287982,0.264156
0.203401361,0.260765
0.203514739,0.257376
0.203628118,0.253987
0.203741497,0.250599
0.203854875,0.247213
0.203968254,0.243828
0.204081633,0.240444
0.204195011,0.237061
0.204308390,0.233680
0.204421769,0.230300
0.204535147,0.226922
0.204648526,0.223546
0.204761905,0.220171
0.204875283,0.216798
0.204988662,0.213427
0.205102041,0.210058
0.205215420,0.206690
0.205328798,0.203324
0.205442177,0.199961
0.205555556,0.196599
0.205668934,0.193239
0.205782313,0.189881
0.205895692,0.186526
0.206009070,0.183171
0.206122449,0.179819
0.206235828,0.176469
0.206349206,0.173121
0.206462585,0.169774
0.206575964,0.166430
0.206689342,0.163087
0.206802721,0.159746
0.206916100,0.156407
0.207029478,0.153069
0.207142857,0.149734
0.207256236,0.146400
0.207369615,0.143068
0.207482993,0.139737
0.207596372,0.136408
0.207709751,0.133081
0.207823129,0.129755
0.207936508,0.126431
0.208049887,0.123109
0.208163265,0.119788
0.208276644,0.116468
0.208390023,0.113150
0.208503401,0.109833
0.208616780,0.106517
0.208730159,0.103202
0.208843537,0.099889
0.208956916,0.096576
0.209070295,0.093265
0.209183673,0.089954
0.209297052,0.086644
0.209410431,0.083334
0.209523810,0.080025
0.209637188,0.076717
0.209750567,0.073408
0.209863946,0.070100
0.209977324,0.066792
0.210090703,0.063484
0.210204082,0.060175
0.210317460,0.056866
0.210430839,0.053557
0.210544218,0.050247
0.210657596,0.046937
0.210770975,0.043625
0.210884354,0.040313
0.210997732,0.037000
0.211111111,0.033685
0.211224490,0.030369
0.211337868,0.027051
0.211451247,0.023733
0.211564626,0.020412
0.211678005,0.017089
0.211791383,0.013765
0.211904762,0.010439
0.212018141,0.007110
0.212131519,0.003780
0.212244898,0.000446
0.212358277,-0.002889
0.212471655,-0.006227
0.212585034,-0.009568
0.212698413,-0.012912
0.212811791,-0.016258
0.212925170,-0.019607
0.213038549,-0.022960
0.213151927,-0.026315
0.213265306,-0.029674
0.213378685,-0.033036
0.213492063,-0.036401
0.213605442,-0.039770
0.213718821,-0.043143
0.213832200,-0.046518
0.213945578,-0.049898
0.214058957,-0.053281
0.214172336,-0.056669
0.214285714,-0.060060
0.214399093,-0.063455
0.214512472,-0.066854
0.214625850,-0.070256
0.214739229,-0.073664
0.214852608,-0.077075
0.214965986,-0.080490
0.215079365,-0.083910
0.215192744,-0.087334
0.215306122,-0.090763
0.215419501,-0.094195
0.215532880,-0.097633
0.215646259,-0.101075
0.215759637,-0.104521
0.215873016,-0.107973
0.215986395,-0.111429
0.216099773,-0.114890
0.216213152,-0.118355
0.216326531,-0.121826
0.216439909,-0.125301
0.216553288,-0.128781
0.216666667,-0.132267
0.216780045,-0.135757
0.216893424,-0.139253
0.217006803,-0.142753
0.217120181,-0.146259
0.217233560,-0.149769
0.217346939,-0.153285
0.217460317,-0.156806
0.217573696,-0.160331
0.217687075,-0.163862
0.217800454,-0.167398
0.217913832,-0.170939
0.218027211,-0.174485
0.218140590,-0.178036
0.218253968,-0.181592
0.218367347,-0.185152
0.218480726,-0.188718
0.218594104,-0.192288
0.218707483,-0.195864
0.218820862,-0.199444
0.218934240,-0.203028
0.219047619,-0.206617
0.219160998,-0.210211
0.219274376,-0.213809
0.219387755,-0.217412
0.219501134,-0.221019
0.219614512,-0.224630
0.219727891,-0.228245
0.219841270,-0.231864
0.219954649,-0.235488
0.220068027,-0.239114
0.220181406,-0.242745
0.220294785,-0.246379
0.220408163,-0.250017
0.220521542,-0.253659
0.220634921,-0.257303
0.220748299,-0.260951
0.220861678,-0.264602
0.220975057,-0.268256
0.221088435,-0.271913
0.221201814,-0.275573
0.221315193,-0.279236
0.221428571,-0.282900
0.221541950,-0.286568
0.221655329,-0.290237
0.221768707,-0.293909
0.221882086,-0.297583
0.221995465,-0.301258
0.222108844,-0.304936
0.222222222,-0.308614
0.222335601,-0.312295
0.222448980,-0.315976
0.222562358,-0.319659
0.222675737,-0.323343
0.222789116,-0.327028
0.222902494,-0.330713
0.223015873,-0.334399
0.223129252,-0.338085
0.223242630,-0.341771
0.223356009,-0.345457
0.223469388,-0.349142
0.223582766,-0.352827
0.223696145,-0.356512
0.223809524,-0.360195
0.223922902,-0.363877
0.224036281,-0.367558
0.224149660,-0.371237
0.224263039,-0.374914
0.224376417,-0.378589
0.224489796,-0.382261
0.224603175,-0.385931
0.224716553,-0.389598
0.224829932,-0.393261
0.224943311,-0.396921
0.225056689,-0.400577
0.225170068,-0.404229
0.225283447,-0.407877
0.225396825,-0.411520
0.225510204,-0.415158
0.225623583,-0.418791
0.225736961,-0.422419
0.225850340,-0.426041
0.225963719,-0.429657
0.226077098,-0.433267
0.226190476,-0.436870
0.226303855,-0.440466
0.226417234,-0.444055
0.226530612,-0.447636
0.226643991,-0.451210
0.226757370,-0.454775
0.226870748,-0.458332
0.226984127,-0.461880
0.227097506,-0.465418
0.227210884,-0.468947
0.227324263,-0.472466
0.227437642,-0.475975
0.227551020,-0.479473
0.227664399,-0.482961
0.227777778,-0.486437
0.227891156,-0.489901
0.228004535,-0.493353
0.228117914,-0.496793
0.228231293,-0.500220
0.228344671,-0.503635
0.228458050,-0.507035
0.228571429,-0.510422
0.228684807,-0.513795
0.228798186,-0.517154
0.228911565,-0.520498
0.229024943,-0.523826
0.229138322,-0.527139
0.229251701,-0.530436
0.229365079,-0.533717
0.229478458,-0.536980
0.229591837,-0.540228
0.229705215,-0.543457
0.229818594,-0.546669
0.229931973,-0.549863
0.230045351,-0.553038
0.230158730,-0.556194
0.230272109,-0.559331
0.230385488,-0.562449
0.230498866,-0.565546
0.230612245,-0.568624
0.230725624,-0.571680
0.230839002,-0.574716
0.230952381,-0.577730
0.231065760,-0.580723
0.231179138,-0.583693
0.231292517,-0.586640
0.231405896,-0.589564
0.231519274,-0.592465
0.231632653,-0.595341
0.231746032,-0.598193
0.231859410,-0.601021
0.231972789,-0.603822
0.232086168,-0.606599
0.232199546,-0.609349
0.232312925,-0.612072
0.232426304,-0.614769
0.232539683,-0.617437
0.232653061,-0.620079
0.232766440,-0.622691
0.232879819,-0.625275
0.232993197,-0.627830
0.233106576,-0.630355
0.233219955,-0.632851
0.233333333,-0.635315
0.233446712,-0.637749
0.233560091,-0.640152
0.233673469,-0.642523
0.233786848,-0.644861
0.233900227,-0.647168
0.234013605,-0.649441
0.234126984,-0.651681
0.234240363,-0.653886
0.234353741,-0.656058
0.234467120,-0.658195
0.234580499,-0.660297
0.234693878,-0.662363
0.234807256,-0.664394
0.234920635,-0.666388
0.235034014,-0.668345
0.235147392,-0.670265
0.235260771,-0.672148
0.235374150,-0.673992
0.235487528,-0.675798
0.235600907,-0.677565
0.235714286,-0.679292
0.235827664,-0.680980
0.235941043,-0.682628
0.236054422,-0.684234
0.236167800,-0.685800
0.236281179,-0.687325
0.236394558,-0.688807
0.236507937,-0.690246
0.236621315,-0.691643
0.236734694,-0.692996
0.236848073,-0.694306
0.236961451,-0.695571
0.237074830,-0.696792
0.237188209,-0.697967
0.237301587,-0.699097
0.237414966,-0.700182
0.237528345,-0.701220
0.237641723,-0.702211
0.237755102,-0.703156
0.237868481,-0.704053
0.237981859,-0.704903
0.238095238,-0.705704
0.238208617,-0.706457
0.238321995,-0.707162
0.238435374,-0.707817
0.238548753,-0.708423
0.238662132,-0.708979
0.238775510,-0.709485
0.238888889,-0.709940
0.239002268,-0.710344
0.239115646,-0.710697
0.239229025,-0.710999
0.239342404,-0.711249
0.239455782,-0.711446
0.239569161,-0.711591
0.239682540,-0.711684
0.239795918,-0.711723
0.239909297,-0.711708
0.240022676,-0.711640
0.240136054,-0.711518
0.240249433,-0.711342
0.240362812,-0.711111
0.240476190,-0.710826
0.240589569,-0.710485
0.240702948,-0.710089
0.240816327,-0.709637
0.240929705,-0.709129
0.241043084,-0.708565
0.241156463,-0.707945
0.241269841,-0.707268
0.241383220,-0.706534
0.241496599,-0.705743
0.241609977,-0.704895
0.241723356,-0.703989
0.241836735,-0.703026
0.241950113,-0.702005
0.242063492,-0.700926
0.242176871,-0.699788
0.242290249,-0.698592
0.242403628,-0.697338
0.242517007,-0.696026
0.242630385,-0.694654
0.242743764,-0.693224
0.242857143,-0.691736
0.242970522,-0.690188
0.243083900,-0.688581
0.243197279,-0.686915
0.243310658,-0.685189
0.243424036,-0.683405
0.243537415,-0.681560
0.243650794,-0.679657
0.243764172,-0.677694
0.243877551,-0.675671
0.243990930,-0.673589
0.244104308,-0.671448
0.244217687,-0.669247
0.244331066,-0.666986
0.244444444,-0.664666
0.244557823,-0.662286
0.244671202,-0.659847
0.244784580,-0.657349
0.244897959,-0.654791
0.245011338,-0.652174
0.245124717,-0.649497
0.245238095,-0.646762
0.245351474,-0.643967
0.245464853,-0.641113
0.245578231,-0.638201
0.245691610,-0.635230
0.245804989,-0.632200
0.245918367,-0.629112
0.246031746,-0.625965
0.246145125,-0.622761
0.246258503,-0.619498
0.246371882,-0.616178
0.246485261,-0.612800
0.246598639,-0.609365
0.246712018,-0.605874
0.246825397,-0.602325
0.246938776,-0.598720
0.247052154,-0.595058
0.247165533,-0.591340
0.247278912,-0.587566
0.247392290,-0.583737
0.247505669,-0.579853
0.247619048,-0.575913
0.247732426,-0.571919
0.247845805,-0.567870
0.247959184,-0.563767
0.248072562,-0.559610
0.248185941,-0.555399
0.248299320,-0.551135
0.248412698,-0.546819
0.248526077,-0.542449
0.248639456,-0.538027
0.248752834,-0.533553
0.248866213,-0.529028
0.248979592,-0.524451
0.249092971,-0.519824
0.249206349,-0.515146
0.249319728,-0.510418
0.249433107,-0.505642
0.249546485,-0.500816
0.249659864,-0.495941
0.249773243,-0.491019
0.249886621,-0.486049
0.250000000,-0.481032
0.250113379,-0.475968
0.250226757,-0.470858
0.250340136,-0.465703
0.250453515,-0.460502
0.250566893,-0.455257
0.250680272,-0.449967
0.250793651,-0.444634
0.250907029,-0.439258
0.251020408,-0.433839
0.251133787,-0.428378
0.251247166,-0.422875
0.251360544,-0.417331
0.251473923,-0.411747
0.251587302,-0.406123
0.251700680,-0.400459
0.251814059,-0.394756
0.251927438,-0.389015
0.252040816,-0.383237
0.252154195,-0.377421
0.252267574,-0.371568
0.252380952,-0.365679
0.252494331,-0.359755
0.252607710,-0.353796
0.252721088,-0.347802
0.252834467,-0.341774
0.252947846,-0.335714
0.253061224,-0.329620
0.253174603,-0.323495
0.253287982,-0.317338
0.253401361,-0.311150
0.253514739,-0.304932
0.253628118,-0.298684
0.253741497,-0.292407
0.253854875,-0.286101
0.253968254,-0.279768
0.254081633,-0.273408
0.254195011,-0.267021
0.254308390,-0.260608
0.254421769,-0.254170
0.254535147,-0.247708
0.254648526,-0.241221
0.254761905,-0.234712
0.254875283,-0.228179
0.254988662,-0.221625
0.255102041,-0.215049
0.255215420,-0.208453
0.255328798,-0.201837
0.255442177,-0.195201
0.255555556,-0.188548
0.255668934,-0.181876
0.255782313,-0.175186
0.255895692,-0.168481
0.256009070,-0.161759
0.256122449,-0.155023
0.256235828,-0.148272
0.256349206,-0.141508
0.256462585,-0.134730
0.256575964,-0.127941
0.256689342,-0.121140
0.256802721,-0.114328
0.256916100,-0.107506
0.257029478,-0.100674
0.257142857,-0.093835
0.257256236,-0.086986
0.257369615,-0.080131
0.257482993,-0.073269
0.257596372,-0.066402
0.257709751,-0.059529
0.257823129,-0.052652
0.257936508,-0.045771
0.258049887,-0.038887
0.258163265,-0.032001
0.258276644,-0.025113
0.258390023,-0.018224
0.258503401,-0.011336
0.258616780,-0.004448
0.258730159,0.002439
0.258843537,0.009324
0.258956916,0.016206
0.259070295,0.023084
0.259183673,0.029958
0.259297052,0.036828
0.259410431,0.043692
0.259523810,0.050551
0.259637188,0.057402
0.259750567,0.064246
0.259863946,0.071082
0.259977324,0.077909
0.260090703,0.084727
0.260204082,0.091535
0.260317460,0.098332
0.260430839,0.105117
0.260544218,0.111891
0.260657596,0.118651
0.260770975,0.125398
0.260884354,0.132131
0.260997732,0.138849
0.261111111,0.145552
0.261224490,0.152238
0.261337868,0.158907
0.261451247,0.165559
0.261564626,0.172193
0.261678005,0.178807
0.261791383,0.185403
0.261904762,0.191978
0.262018141,0.198532
0.262131519,0.205066
0.262244898,0.211577
0.262358277,0.218066
0.262471655,0.224531
0.262585034,0.230973
0.262698413,0.237390
0.262811791,0.243783
0.262925170,0.250150
0.263038549,0.256491
0.263151927,0.262806
0.263265306,0.269093
0.263378685,0.275352
0.263492063,0.281583
0.263605442,0.287785
0.263718821,0.293958
0.263832200,0.300101
0.263945578,0.306213
0.264058957,0.312294
0.264172336,0.318344
0.264285714,0.324362
0.264399093,0.330347
0.264512472,0.336299
0.264625850,0.342218
0.264739229,0.348103
0.264852608,0.353954
0.264965986,0.359770
0.265079365,0.365552
0.265192744,0.371297
0.265306122,0.377006
0.265419501,0.382680
0.265532880,0.388316
0.265646259,0.393915
0.265759637,0.399476
0.265873016,0.404999
0.265986395,0.410483
0.266099773,0.415929
0.266213152,0.421336
0.266326531,0.426702
0.266439909,0.432029
0.266553288,0.437315
0.266666667,0.442561
0.266780045,0.447765
0.266893424,0.452929
0.267006803,0.458050
0.267120181,0.463129
0.267233560,0.468166
0.267346939,0.473161
0.267460317,0.478113
0.267573696,0.483021
0.267687075,0.487886
0.267800454,0.492707
0.267913832,0.497485
0.268027211,0.502218
0.268140590,0.506907
0.268253968,0.511550
0.268367347,0.516149
0.268480726,0.520703
0.268594104,0.525211
0.268707483,0.529674
0.268820862,0.534090
0.268934240,0.538461
0.269047619,0.542785
0.269160998,0.547063
0.269274376,0.551295
0.269387755,0.555479
0.269501134,0.559617
0.269614512,0.563708
0.269727891,0.567751
0.269841270,0.571748
0.269954649,0.575696
0.270068027,0.579597
0.270181406,0.583450
0.270294785,0.587256
0.270408163,0.591013
0.270521542,0.594722
0.270634921,0.598383
0.270748299,0.601995
0.270861678,0.605559
0.270975057,0.609074
0.271088435,0.612540
0.271201814,0.615958
0.271315193,0.619326
0.271428571,0.622646
0.271541950,0.625917
0.271655329,0.629138
0.271768707,0.632309
0.271882086,0.635432
0.271995465,0.638505
0.272108844,0.641529
0.272222222,0.644503
0.272335601,0.647427
0.272448980,0.650303
0.272562358,0.653128
0.272675737,0.655904
0.272789116,0.658629
0.272902494,0.661305
0.273015873,0.663932
0.273129252,0.666508
0.273242630,0.669035
0.273356009,0.671512
0.273469388,0.673939
0.273582766,0.676316
0.273696145,0.678644
0.273809524,0.680922
0.273922902,0.683150
0.274036281,0.685328
0.274149660,0.687456
0.274263039,0.689535
0.274376417,0.691564
0.274489796,0.693543
0.274603175,0.695474
0.274716553,0.697354
0.274829932,0.699185
0.274943311,0.700967
0.275056689,0.702699
0.275170068,0.704383
0.275283447,0.706017
0.275396825,0.707602
0.275510204,0.709138
0.275623583,0.710625
0.275736961,0.712062
0.275850340,0.713451
0.275963719,0.714791
0.276077098,0.716082
0.276190476,0.717324
0.276303855,0.718518
0.276417234,0.719663
0.276530612,0.720759
0.276643991,0.721806
0.276757370,0.722806
0.276870748,0.723757
0.276984127,0.724659
0.277097506,0.725514
0.277210884,0.726321
0.277324263,0.727079
0.277437642,0.727790
0.277551020,0.728453
0.277664399,0.729069
0.277777778,0.729636
0.277891156,0.730157
0.278004535,0.730630
0.278117914,0.731057
0.278231293,0.731436
0.278344671,0.731768
0.278458050,0.732054
0.278571429,0.732294
0.278684807,0.732487
0.278798186,0.732634
0.278911565,0.732736
0.279024943,0.732792
0.279138322,0.732802
0.279251701,0.732768
0.279365079,0.732688
0.279478458,0.732564
0.279591837,0.732395
0.279705215,0.732182
0.279818594,0.731925
0.279931973,0.731625
0.280045351,0.731281
0.280158730,0.730894
0.280272109,0.730465
0.280385488,0.729993
0.280498866,0.729479
0.280612245,0.728923
0.280725624,0.728326
0.280839002,0.727687
0.280952381,0.727008
0.281065760,0.726288
0.281179138,0.725527
0.281292517,0.724727
0.281405896,0.723887
0.281519274,0.723007
0.281632653,0.722088
0.281746032,0.721131
0.281859410,0.720135
0.281972789,0.719101
0.282086168,0.718028
0.282199546,0.716919
0.282312925,0.715771
0.282426304,0.714587
0.282539683,0.713365
0.282653061,0.712108
0.282766440,0.710814
0.282879819,0.709484
0.282993197,0.708119
0.283106576,0.706718
0.283219955,0.705283
0.283333333,0.703813
0.283446712,0.702309
0.283560091,0.700771
0.283673469,0.699200
0.283786848,0.697595
0.283900227,0.695958
0.284013605,0.694288
0.284126984,0.692586
0.284240363,0.690852
0.284353741,0.689086
0.284467120,0.687289
0.284580499,0.685462
0.284693878,0.683604
0.284807256,0.681715
0.284920635,0.679796
0.285034014,0.677849
0.285147392,0.675871
0.285260771,0.673865
0.285374150,0.671831
0.285487528,0.669768
0.285600907,0.667678
0.285714286,0.665560
0.285827664,0.663414
0.285941043,0.661243
0.286054422,0.659044
0.286167800,0.656819
0.286281179,0.654569
0.286394558,0.652293
0.286507937,0.649992
0.286621315,0.647666
0.286734694,0.645316
0.286848073,0.642942
0.286961451,0.640544
0.287074830,0.638122
0.287188209,0.635677
0.287301587,0.633209
0.287414966,0.630719
0.287528345,0.628206
0.287641723,0.625671
0.287755102,0.623114
0.287868481,0.620536
0.287981859,0.617937
0.288095238,0.615317
0.288208617,0.612676
0.288321995,0.610015
0.288435374,0.607334
0.288548753,0.604634
0.288662132,0.601914
0.288775510,0.599175
0.288888889,0.596417
0.289002268,0.593640
0.289115646,0.590846
0.289229025,0.588033
0.289342404,0.585203
0.289455782,0.582355
0.289569161,0.579490
0.289682540,0.576608
0.289795918,0.573710
0.289909297,0.570795
0.290022676,0.567864
0.290136054,0.564918
0.290249433,0.561956
0.290362812,0.558979
0.290476190,0.555987
0.290589569,0.552981
0.290702948,0.549960
0.290816327,0.546926
0.290929705,0.543877
0.291043084,0.540816
0.291156463,0.537741
0.291269841,0.534653
0.291383220,0.531553
0.291496599,0.528440
0.291609977,0.525315
0.291723356,0.522179
0.291836735,0.519031
0.291950113,0.515872
0.292063492,0.512701
0.292176871,0.509521
0.292290249,0.506329
0.292403628,0.503128
0.292517007,0.499916
0.292630385,0.496695
0.292743764,0.493464
0.292857143,0.490225
0.292970522,0.486976
0.293083900,0.483718
0.293197279,0.480452
0.293310658,0.477177
0.293424036,0.473894
0.293537415,0.470603
0.293650794,0.467304
0.293764172,0.463997
0.293877551,0.460683
0.293990930,0.457361
0.294104308,0.454033
0.294217687,0.450697
0.294331066,0.447354
0.294444444,0.444004
0.294557823,0.440648
0.294671202,0.437285
0.294784580,0.433917
0.294897959,0.430542
0.295011338,0.427161
0.295124717,0.423774
0.295238095,0.420382
0.295351474,0.416984
0.295464853,0.413581
0.295578231,0.410172
0.295691610,0.406759
0.295804989,0.403341
0.295918367,0.399918
0.296031746,0.396490
0.296145125,0.393057
0.296258503,0.389620
0.296371882,0.386178
0.296485261,0.382732
0.296598639,0.379283
0.296712018,0.375829
0.296825397,0.372371
0.296938776,0.368909
0.297052154,0.365444
0.297165533,0.361975
0.297278912,0.358503
0.297392290,0.355027
0.297505669,0.351548
0.297619048,0.348065
0.297732426,0.344580
0.297845805,0.341091
0.297959184,0.337600
0.298072562,0.334105
0.298185941,0.330608
0.298299320,0.327107
0.298412698,0.323605
0.298526077,0.320099
0.298639456,0.316591
0.298752834,0.313080
0.298866213,0.309567
0.298979592,0.306051
0.299092971,0.302532
0.299206349,0.299011
0.299319728,0.295488
0.299433107,0.291963
0.299546485,0.288434
0.299659864,0.284904
0.299773243,0.281372
0.299886621,0.277837
0.300000000,0.274300
0.300113379,0.270760
0.300226757,0.267219
0.300340136,0.263676
0.300453515,0.260130
0.300566893,0.256582
0.300680272,0.253032
0.300793651,0.249480
0.300907029,0.245926
0.301020408,0.242371
0.301133787,0.238813
0.301247166,0.235253
0.301360544,0.231692
0.301473923,0.228128
0.301587302,0.224563
0.301700680,0.220996
0.301814059,0.217427
0.301927438,0.213856
0.302040816,0.210284
0.302154195,0.206710
0.302267574,0.203135
0.302380952,0.199558
0.302494331,0.195979
0.302607710,0.192399
0.302721088,0.188817
0.302834467,0.185234
0.302947846,0.181649
0.303061224,0.178063
0.303174603,0.174475
0.303287982,0.170887
0.303401361,0.167296
0.303514739,0.163704
0.303628118,0.160111
0.303741497,0.156517
0.303854875,0.152922
0.303968254,0.149325
0.304081633,0.145727
0.304195011,0.142127
0.304308390,0.138527
0.304421769,0.134925
0.304535147,0.131323
0.304648526,0.127718
0.304761905,0.124113
0.304875283,0.120506
0.304988662,0.116898
0.305102041,0.113289
0.305215420,0.109678
0.305328798,0.106066
0.305442177,0.102453
0.305555556,0.098839
0.305668934,0.095223
0.305782313,0.091606
0.305895692,0.087987
0.306009070,0.084367
0.306122449,0.080746
0.306235828,0.077123
0.306349206,0.073499
0.306462585,0.069874
0.306575964,0.066247
0.306689342,0.062619
0.306802721,0.058989
0.306916100,0.055357
0.307029478,0.051725
0.307142857,0.048090
0.307256236,0.044454
0.307369615,0.040817
0.307482993,0.037178
0.307596372,0.033537
0.307709751,0.029894
0.307823129,0.026250
0.307936508,0.022603
0.308049887,0.018955
0.308163265,0.015305
0.308276644,0.011653
0.308390023,0.007999
0.308503401,0.004344
0.308616780,0.000686
0.308730159,-0.002974
0.308843537,-0.006636
0.308956916,-0.010300
0.309070295,-0.013966
0.309183673,-0.017634
0.309297052,-0.021304
0.309410431,-0.024976
0.309523810,-0.028651
0.309637188,-0.032327
0.309750567,-0.036005
0.309863946,-0.039686
0.309977324,-0.043368
0.310090703,-0.047053
0.310204082,-0.050740
0.310317460,-0.054428
0.310430839,-0.058119
0.310544218,-0.061811
0.310657596,-0.065506
0.310770975,-0.069203
0.310884354,-0.072901
0.310997732,-0.076601
0.311111111,-0.080303
0.311224490,-0.084007
0.311337868,-0.087713
0.311451247,-0.091420
0.311564626,-0.095130
0.311678005,-0.098840
0.311791383,-0.102553
0.311904762,-0.106267
0.312018141,-0.109982
0.312131519,-0.113700
0.312244898,-0.117418
0.312358277,-0.121138
0.312471655,-0.124860
0.312585034,-0.128583
0.312698413,-0.132307
0.312811791,-0.136032
0.312925170,-0.139759
0.313038549,-0.143486
0.313151927,-0.147215
0.313265306,-0.150944
0.313378685,-0.154674
0.313492063,-0.158405
0.313605442,-0.162137
0.313718821,-0.165869
0.313832200,-0.169601
0.313945578,-0.173334
0.314058957,-0.177067
0.314172336,-0.180800
0.314285714,-0.184533
0.314399093,-0.188267
0.314512472,-0.191999
0.314625850,-0.195732
0.314739229,-0.199464
0.314852608,-0.203196
0.314965986,-0.206927
0.315079365,-0.210658
0.315192744,-0.214387
0.315306122,-0.218116
0.315419501,-0.221844
0.315532880,-0.225571
0.315646259,-0.229296
0.315759637,-0.233020
0.315873016,-0.236743
0.315986395,-0.240464
0.316099773,-0.244183
0.316213152,-0.247900
0.316326531,-0.251615
0.316439909,-0.255328
0.316553288,-0.259038
0.316666667,-0.262746
0.316780045,-0.266451
0.316893424,-0.270153
0.317006803,-0.273852
0.317120181,-0.277548
0.317233560,-0.281241
0.317346939,-0.284930
0.317460317,-0.288616
0.317573696,-0.292298
0.317687075,-0.295975
0.317800454,-0.299649
0.317913832,-0.303318
0.318027211,-0.306982
0.318140590,-0.310642
0.318253968,-0.314297
0.318367347,-0.317946
0.318480726,-0.321590
0.318594104,-0.325229
0.318707483,-0.328862
0.318820862,-0.332488
0.318934240,-0.336109
0.319047619,-0.339723
0.319160998,-0.343331
0.319274376,-0.346931
0.319387755,-0.350525
0.319501134,-0.354112
0.319614512,-0.357691
0.319727891,-0.361262
0.319841270,-0.364825
0.319954649,-0.368380
0.320068027,-0.371927
0.320181406,-0.375465
0.320294785,-0.378994
0.320408163,-0.382514
0.320521542,-0.386024
0.320634921,-0.389524
0.320748299,-0.393015
0.320861678,-0.396494
0.320975057,-0.399964
0.321088435,-0.403422
0.321201814,-0.406869
0.321315193,-0.410304
0.321428571,-0.413728
0.321541950,-0.417139
0.321655329,-0.420538
0.321768707,-0.423924
0.321882086,-0.427297
0.321995465,-0.430656
0.322108844,-0.434002
0.322222222,-0.437333
0.322335601,-0.440649
0.322448980,-0.443951
0.322562358,-0.447238
0.322675737,-0.450508
0.322789116,-0.453763
0.322902494,-0.457001
0.323015873,-0.460223
0.323129252,-0.463428
0.323242630,-0.466615
0.323356009,-0.469784
0.323469388,-0.472935
0.323582766,-0.476067
0.323696145,-0.479180
0.323809524,-0.482274
0.323922902,-0.485348
0.324036281,-0.488402
0.324149660,-0.491436
0.324263039,-0.494448
0.324376417,-0.497439
0.324489796,-0.500408
0.324603175,-0.503356
0.324716553,-0.506280
0.324829932,-0.509181
0.324943311,-0.512059
0.325056689,-0.514913
0.325170068,-0.517742
0.325283447,-0.520546
0.325396825,-0.523326
0.325510204,-0.526079
0.325623583,-0.528806
0.325736961,-0.531507
0.325850340,-0.534180
0.325963719,-0.536826
0.326077098,-0.539444
0.326190476,-0.542034
0.326303855,-0.544595
0.326417234,-0.547127
0.326530612,-0.549629
0.326643991,-0.552101
0.326757370,-0.554542
0.326870748,-0.556952
0.326984127,-0.559330
0.327097506,-0.561677
0.327210884,-0.563991
0.327324263,-0.566272
0.327437642,-0.568519
0.327551020,-0.570733
0.327664399,-0.572912
0.327777778,-0.575056
0.327891156,-0.577165
0.328004535,-0.579239
0.328117914,-0.581277
0.328231293,-0.583278
0.328344671,-0.585241
0.328458050,-0.587167
0.328571429,-0.589055
0.328684807,-0.590905
0.328798186,-0.592716
0.328911565,-0.594487
0.329024943,-0.596219
0.329138322,-0.597910
0.329251701,-0.599561
0.329365079,-0.601170
0.329478458,-0.602738
0.329591837,-0.604264
0.329705215,-0.605748
0.329818594,-0.607188
0.329931973,-0.608585
0.330045351,-0.609939
0.330158730,-0.611248
0.330272109,-0.612512
0.330385488,-0.613732
0.330498866,-0.614906
0.330612245,-0.616035
0.330725624,-0.617117
0.330839002,-0.618153
0.330952381,-0.619141
0.331065760,-0.620083
0.331179138,-0.620978
0.331292517,-0.621824
0.331405896,-0.622622
0.331519274,-0.623372
0.331632653,-0.624073
0.331746032,-0.624724
0.331859410,-0.625327
0.331972789,-0.625879
0.332086168,-0.626381
0.332199546,-0.626833
0.332312925,-0.627234
0.332426304,-0.627584
0.332539683,-0.627883
0.332653061,-0.628130
0.332766440,-0.628326
0.332879819,-0.628469
0.332993197,-0.628560
0.333106576,-0.628598
0.333219955,-0.628583
0.333333333,-0.628515
0.333446712,-0.628394
0.333560091,-0.628219
0.333673469,-0.627991
0.333786848,-0.627708
0.333900227,-0.627372
0.334013605,-0.626981
0.334126984,-0.626535
0.334240363,-0.626036
0.334353741,-0.625481
0.334467120,-0.624871
0.334580499,-0.624207
0.334693878,-0.623487
0.334807256,-0.622711
0.334920635,-0.621881
0.335034014,-0.620994
0.335147392,-0.620053
0.335260771,-0.619055
0.335374150,-0.618001
0.335487528,-0.616892
0.335600907,-0.615727
0.335714286,-0.614505
0.335827664,-0.613228
0.335941043,-0.611895
0.336054422,-0.610505
0.336167800,-0.609060
0.336281179,-0.607558
0.336394558,-0.606000
0.336507937,-0.604385
0.336621315,-0.602715
0.336734694,-0.600988
0.336848073,-0.599204
0.336961451,-0.597365
0.337074830,-0.595468
0.337188209,-0.593516
0.337301587,-0.591507
0.337414966,-0.589442
0.337528345,-0.587320
0.337641723,-0.585142
0.337755102,-0.582908
0.337868481,-0.580618
0.337981859,-0.578272
0.338095238,-0.575869
0.338208617,-0.573411
0.338321995,-0.570897
0.338435374,-0.568326
0.338548753,-0.565700
0.338662132,-0.563019
0.338775510,-0.560282
0.338888889,-0.557489
0.339002268,-0.554641
0.339115646,-0.551738
0.339229025,-0.548780
0.339342404,-0.545768
0.339455782,-0.542700
0.339569161,-0.539578
0.339682540,-0.536402
0.339795918,-0.533172
0.339909297,-0.529888
0.340022676,-0.526550
0.340136054,-0.523159
0.340249433,-0.519714
0.340362812,-0.516217
0.340476190,-0.512667
0.340589569,-0.509064
0.340702948,-0.505409
0.340816327,-0.501702
0.340929705,-0.497943
0.341043084,-0.494132
0.341156463,-0.490271
0.341269841,-0.486358
0.341383220,-0.482395
0.341496599,-0.478382
0.341609977,-0.474318
0.341723356,-0.470205
0.341836735,-0.466042
0.341950113,-0.461830
0.342063492,-0.457570
0.342176871,-0.453261
0.342290249,-0.448904
0.342403628,-0.444499
0.342517007,-0.440048
0.342630385,-0.435549
0.342743764,-0.431003
0.342857143,-0.426412
0.342970522,-0.421775
0.343083900,-0.417093
0.343197279,-0.412366
0.343310658,-0.407594
0.343424036,-0.402778
0.343537415,-0.397919
0.343650794,-0.393016
0.343764172,-0.388071
0.343877551,-0.383084
0.343990930,-0.378055
0.344104308,-0.372984
0.344217687,-0.367872
0.344331066,-0.362720
0.344444444,-0.357528
0.344557823,-0.352297
0.344671202,-0.347026
0.344784580,-0.341717
0.344897959,-0.336370
0.345011338,-0.330986
0.345124717,-0.325564
0.345238095,-0.320106
0.345351474,-0.314611
0.345464853,-0.309082
0.345578231,-0.303517
0.345691610,-0.297918
0.345804989,-0.292286
0.345918367,-0.286619
0.346031746,-0.280921
0.346145125,-0.275189
0.346258503,-0.269426
0.346371882,-0.263632
0.346485261,-0.257808
0.346598639,-0.251953
0.346712018,-0.246069
0.346825397,-0.240156
0.346938776,-0.234215
0.347052154,-0.228245
0.347165533,-0.222249
0.347278912,-0.216226
0.347392290,-0.210177
0.347505669,-0.204103
0.347619048,-0.198003
0.347732426,-0.191879
0.347845805,-0.185732
0.347959184,-0.179561
0.348072562,-0.173368
0.348185941,-0.167152
0.348299320,-0.160915
0.348412698,-0.154657
0.348526077,-0.148379
0.348639456,-0.142081
0.348752834,-0.135764
0.348866213,-0.129429
0.348979592,-0.123075
0.349092971,-0.116704
0.349206349,-0.110317
0.349319728,-0.103913
0.349433107,-0.097493
0.349546485,-0.091059
0.349659864,-0.084610
0.349773243,-0.078148
0.349886621,-0.071672
0.350000000,-0.065184
0.350113379,-0.058684
0.350226757,-0.052173
0.350340136,-0.045652
0.350453515,-0.039120
0.350566893,-0.032579
0.350680272,-0.026030
0.350793651,-0.019473
0.350907029,-0.012908
0.351020408,-0.006337
0.351133787,0.000240
0.351247166,0.006823
0.351360544,0.013410
0.351473923,0.020002
0.351587302,0.026596
0.351700680,0.033194
0.351814059,0.039793
0.351927438,0.046393
0.352040816,0.052995
0.352154195,0.059596
0.352267574,0.066197
0.352380952,0.072796
0.352494331,0.079394
0.352607710,0.085989
0.352721088,0.092580
0.352834467,0.099169
0.352947846,0.105753
0.353061224,0.112331
0.353174603,0.118905
0.353287982,0.125472
0.353401361,0.132032
0.353514739,0.138584
0.353628118,0.145129
0.353741497,0.151665
0.353854875,0.158191
0.353968254,0.164707
0.354081633,0.171213
0.354195011,0.177708
0.354308390,0.184191
0.354421769,0.190661
0.354535147,0.197118
0.354648526,0.203561
0.354761905,0.209990
0.354875283,0.216404
0.354988662,0.222802
0.355102041,0.229184
0.355215420,0.235549
0.355328798,0.241896
0.355442177,0.248225
0.355555556,0.254535
0.355668934,0.260826
0.355782313,0.267097
0.355895692,0.273347
0.356009070,0.279576
0.356122449,0.285784
0.356235828,0.291969
0.356349206,0.298131
0.356462585,0.304270
0.356575964,0.310384
0.356689342,0.316474
0.356802721,0.322539
0.356916100,0.328578
0.357029478,0.334591
0.357142857,0.340578
0.357256236,0.346537
0.357369615,0.352469
0.357482993,0.358372
0.357596372,0.364247
0.357709751,0.370093
0.357823129,0.375909
0.357936508,0.381695
0.358049887,0.387450
0.358163265,0.393175
0.358276644,0.398868
0.358390023,0.404529
0.358503401,0.410158
0.358616780,0.415754
0.358730159,0.421318
0.358843537,0.426847
0.358956916,0.432342
0.359070295,0.437803
0.359183673,0.443229
0.359297052,0.448619
0.359410431,0.453974
0.359523810,0.459292
0.359637188,0.464574
0.359750567,0.469819
0.359863946,0.475026
0.359977324,0.480195
0.360090703,0.485327
0.360204082,0.490419
0.360317460,0.495473
0.360430839,0.500487
0.360544218,0.505461
0.360657596,0.510395
0.360770975,0.515288
0.360884354,0.520140
0.360997732,0.524951
0.361111111,0.529720
0.361224490,0.534447
0.361337868,0.539131
0.361451247,0.543772
0.361564626,0.548370
0.361678005,0.552924
0.361791383,0.557435
0.361904762,0.561901
0.362018141,0.566322
0.362131519,0.570699
0.362244898,0.575029
0.362358277,0.579315
0.362471655,0.583554
0.362585034,0.587747
0.362698413,0.591893
0.362811791,0.595993
0.362925170,0.600045
0.363038549,0.604049
0.363151927,0.608005
0.363265306,0.611913
0.363378685,0.615773
0.363492063,0.619584
0.363605442,0.623345
0.363718821,0.627057
0.363832200,0.630720
0.363945578,0.634333
0.364058957,0.637896
0.364172336,0.641409
0.364285714,0.644871
0.364399093,0.648283
0.364512472,0.651644
0.364625850,0.654953
0.364739229,0.658212
0.364852608,0.661419
0.364965986,0.664575
0.365079365,0.667678
0.365192744,0.670730
0.365306122,0.673730
0.365419501,0.676677
0.365532880,0.679571
0.365646259,0.682413
0.365759637,0.685201
0.365873016,0.687937
0.365986395,0.690620
0.366099773,0.693248
0.366213152,0.695824
0.366326531,0.698345
0.366439909,0.700813
0.366553288,0.703227
0.366666667,0.705587
0.366780045,0.707893
0.366893424,0.710145
0.367006803,0.712342
0.367120181,0.714486
0.367233560,0.716575
0.367346939,0.718609
0.367460317,0.720589
0.367573696,0.722515
0.367687075,0.724386
0.367800454,0.726203
0.367913832,0.727965
0.368027211,0.729673
0.368140590,0.731326
0.368253968,0.732925
0.368367347,0.734470
0.368480726,0.735960
0.368594104,0.737395
0.368707483,0.738777
0.368820862,0.740104
0.368934240,0.741378
0.369047619,0.742597
0.369160998,0.743763
0.369274376,0.744875
0.369387755,0.745933
0.369501134,0.746938
0.369614512,0.747890
0.369727891,0.748788
0.369841270,0.749632
0.369954649,0.750425
0.370068027,0.751164
0.370181406,0.751851
0.370294785,0.752485
0.370408163,0.753067
0.370521542,0.753596
0.370634921,0.754073
0.370748299,0.754498
0.370861678,0.754872
0.370975057,0.755194
0.371088435,0.755464
0.371201814,0.755684
0.371315193,0.755852
0.371428571,0.755969
0.371541950,0.756036
0.371655329,0.756052
0.371768707,0.756018
0.371882086,0.755935
0.371995465,0.755801
0.372108844,0.755618
0.372222222,0.755386
0.372335601,0.755104
0.372448980,0.754774
0.372562358,0.754395
0.372675737,0.753967
0.372789116,0.753491
0.372902494,0.752967
0.373015873,0.752395
0.373129252,0.751776
0.373242630,0.751109
0.373356009,0.750394
0.373469388,0.749634
0.373582766,0.748826
0.373696145,0.747972
0.373809524,0.747072
0.373922902,0.746126
0.374036281,0.745134
0.374149660,0.744098
0.374263039,0.743016
0.374376417,0.741889
0.374489796,0.740718
0.374603175,0.739503
0.374716553,0.738245
0.374829932,0.736942
0.374943311,0.735597
0.375056689,0.734208
0.375170068,0.732777
0.375283447,0.731304
0.375396825,0.729789
0.375510204,0.728232
0.375623583,0.726633
0.375736961,0.724994
0.375850340,0.723315
0.375963719,0.721595
0.376077098,0.719835
0.376190476,0.718035
0.376303855,0.716196
0.376417234,0.714318
0.376530612,0.712402
0.376643991,0.710447
0.376757370,0.708454
0.376870748,0.706422
0.376984127,0.704354
0.377097506,0.702249
0.377210884,0.700106
0.377324263,0.697927
0.377437642,0.695712
0.377551020,0.693461
0.377664399,0.691174
0.377777778,0.688852
0.377891156,0.686495
0.378004535,0.684102
0.378117914,0.681676
0.378231293,0.679215
0.378344671,0.676721
0.378458050,0.674192
0.378571429,0.671631
0.378684807,0.669037
0.378798186,0.666410
0.378911565,0.663751
0.379024943,0.661060
0.379138322,0.658337
0.379251701,0.655583
0.379365079,0.652799
0.379478458,0.649983
0.379591837,0.647138
0.379705215,0.644262
0.379818594,0.641358
0.379931973,0.638424
0.380045351,0.635461
0.380158730,0.632470
0.380272109,0.629451
0.380385488,0.626403
0.380498866,0.623329
0.380612245,0.620228
0.380725624,0.617100
0.380839002,0.613946
0.380952381,0.610766
0.381065760,0.607560
0.381179138,0.604329
0.381292517,0.601073
0.381405896,0.597792
0.381519274,0.594488
0.381632653,0.591159
0.381746032,0.587806
0.381859410,0.584431
0.381972789,0.581033
0.382086168,0.577612
0.382199546,0.574168
0.382312925,0.570702
0.382426304,0.567215
0.382539683,0.563706
0.382653061,0.560175
0.382766440,0.556625
0.382879819,0.553052
0.382993197,0.549460
0.383106576,0.545847
0.383219955,0.542215
0.383333333,0.538563
0.383446712,0.534892
0.383560091,0.531202
0.383673469,0.527492
0.383786848,0.523765
0.383900227,0.520019
0.384013605,0.516255
0.384126984,0.512474
0.384240363,0.508675
0.384353741,0.504859
0.384467120,0.501026
0.384580499,0.497176
0.384693878,0.493310
0.384807256,0.489428
0.384920635,0.485531
0.385034014,0.481618
0.385147392,0.477690
0.385260771,0.473746
0.385374150,0.469789
0.385487528,0.465817
0.385600907,0.461831
0.385714286,0.457831
0.385827664,0.453818
0.385941043,0.449792
0.386054422,0.445753
0.386167800,0.441702
0.386281179,0.437639
0.386394558,0.433563
0.386507937,0.429477
0.386621315,0.425378
0.386734694,0.421269
0.386848073,0.417149
0.386961451,0.413019
0.387074830,0.408879
0.387188209,0.404729
0.387301587,0.400570
0.387414966,0.396402
0.387528345,0.392225
0.387641723,0.388039
0.387755102,0.383845
0.387868481,0.379644
0.387981859,0.375434
0.388095238,0.371217
0.388208617,0.366993
0.388321995,0.362762
0.388435374,0.358525
0.388548753,0.354281
0.388662132,0.350031
0.388775510,0.345775
0.388888889,0.341514
0.389002268,0.337247
0.389115646,0.332975
0.389229025,0.328697
0.389342404,0.324415
0.389455782,0.320129
0.389569161,0.315839
0.389682540,0.311544
0.389795918,0.307245
0.389909297,0.302944
0.390022676,0.298639
0.390136054,0.294331
0.390249433,0.290019
0.390362812,0.285706
0.390476190,0.281390
0.390589569,0.277072
0.390702948,0.272752
0.390816327,0.268430
0.390929705,0.264107
0.391043084,0.259783
0.391156463,0.255457
0.391269841,0.251131
0.391383220,0.246805
0.391496599,0.242478
0.391609977,0.238151
0.391723356,0.233824
0.391836735,0.229497
0.391950113,0.225171
0.392063492,0.220846
0.392176871,0.216522
0.392290249,0.212200
0.392403628,0.207878
0.392517007,0.203559
0.392630385,0.199241
0.392743764,0.194926
0.392857143,0.190612
0.392970522,0.186302
0.393083900,0.181993
0.393197279,0.177687
0.393310658,0.173384
0.393424036,0.169083
0.393537415,0.164786
0.393650794,0.160492
0.393764172,0.156200
0.393877551,0.151913
0.393990930,0.147628
0.394104308,0.143347
0.394217687,0.139069
0.394331066,0.134796
0.394444444,0.130526
0.394557823,0.126260
0.394671202,0.121997
0.394784580,0.117739
0.394897959,0.113485
0.395011338,0.109236
0.395124717,0.104991
0.395238095,0.100750
0.395351474,0.096514
0.395464853,0.092282
0.395578231,0.088055
0.395691610,0.083833
0.395804989,0.079615
0.395918367,0.075402
0.396031746,0.071194
0.396145125,0.066991
0.396258503,0.062792
0.396371882,0.058599
0.396485261,0.054410
0.396598639,0.050226
0.396712018,0.046047
0.396825397,0.041873
0.396938776,0.037704
0.397052154,0.033540
0.397165533,0.029382
0.397278912,0.025228
0.397392290,0.021080
0.397505669,0.016938
0.397619048,0.012800
0.397732426,0.008667
0.397845805,0.004540
0.397959184,0.000418
0.398072562,-0.003698
0.398185941,-0.007808
0.398299320,-0.011914
0.398412698,-0.016014
0.398526077,-0.020109
0.398639456,-0.024198
0.398752834,-0.028281
0.398866213,-0.032360
0.398979592,-0.036432
0.399092971,-0.040499
0.399206349,-0.044561
0.399319728,-0.048617
0.399433107,-0.052667
0.399546485,-0.056712
0.399659864,-0.060751
0.399773243,-0.064785
0.399886621,-0.068813
0.400000000,-0.072836
0.400113379,-0.076852
0.400226757,-0.080864
0.400340136,-0.084870
0.400453515,-0.088870
0.400566893,-0.092865
0.400680272,-0.096854
0.400793651,-0.100839
0.400907029,-0.104818
0.401020408,-0.108792
0.401133787,-0.112760
0.401247166,-0.116723
0.401360544,-0.120681
0.401473923,-0.124635
0.401587302,-0.128583
0.401700680,-0.132527
0.401814059,-0.136465
0.401927438,-0.140398
0.402040816,-0.144327
0.402154195,-0.148252
0.402267574,-0.152171
0.402380952,-0.156086
0.402494331,-0.159996
0.402607710,-0.163902
0.402721088,-0.167803
0.402834467,-0.171700
0.402947846,-0.175593
0.403061224,-0.179481
0.403174603,-0.183364
0.403287982,-0.187243
0.403401361,-0.191119
0.403514739,-0.194989
0.403628118,-0.198855
0.403741497,-0.202717
0.403854875,-0.206575
0.403968254,-0.210428
0.404081633,-0.214277
0.404195011,-0.218121
0.404308390,-0.221961
0.404421769,-0.225796
0.404535147,-0.229627
0.404648526,-0.233453
0.404761905,-0.237275
0.404875283,-0.241092
0.404988662,-0.244905
0.405102041,-0.248713
0.405215420,-0.252517
0.405328798,-0.256316
0.405442177,-0.260111
0.405555556,-0.263901
0.405668934,-0.267687
0.405782313,-0.271468
0.405895692,-0.275245
0.406009070,-0.279018
0.406122449,-0.282786
0.406235828,-0.286549
0.406349206,-0.290307
0.406462585,-0.294061
0.406575964,-0.297810
0.406689342,-0.301555
0.406802721,-0.305294
0.406916100,-0.309029
0.407029478,-0.312758
0.407142857,-0.316483
0.407256236,-0.320202
0.407369615,-0.323917
0.407482993,-0.327626
0.407596372,-0.331330
0.407709751,-0.335029
0.407823129,-0.338723
0.407936508,-0.342411
0.408049887,-0.346094
0.408163265,-0.349771
0.408276644,-0.353443
0.408390023,-0.357109
0.408503401,-0.360770
0.408616780,-0.364424
0.408730159,-0.368074
0.408843537,-0.371717
0.408956916,-0.375355
0.409070295,-0.378986
0.409183673,-0.382612
0.409297052,-0.386231
0.409410431,-0.389845
0.409523810,-0.393452
0.409637188,-0.397052
0.409750567,-0.400647
0.409863946,-0.404234
0.409977324,-0.407815
0.410090703,-0.411389
0.410204082,-0.414956
0.410317460,-0.418516
0.410430839,-0.422069
0.410544218,-0.425615
0.410657596,-0.429153
0.410770975,-0.432684
0.410884354,-0.436207
0.410997732,-0.439722
0.411111111,-0.443229
0.411224490,-0.446728
0.411337868,-0.450219
0.411451247,-0.453701
0.411564626,-0.457174
0.411678005,-0.460639
0.411791383,-0.464094
0.411904762,-0.467541
0.412018141,-0.470977
0.412131519,-0.474404
0.412244898,-0.477821
0.412358277,-0.481227
0.412471655,-0.484624
0.412585034,-0.488010
0.412698413,-0.491385
0.412811791,-0.494749
0.412925170,-0.498102
0.413038549,-0.501444
0.413151927,-0.504773
0.413265306,-0.508091
0.413378685,-0.511397
0.413492063,-0.514690
0.413605442,-0.517971
0.413718821,-0.521239
0.413832200,-0.524493
0.413945578,-0.527734
0.414058957,-0.530962
0.414172336,-0.534175
0.414285714,-0.537374
0.414399093,-0.540559
0.414512472,-0.543728
0.414625850,-0.546883
0.414739229,-0.550022
0.414852608,-0.553146
0.414965986,-0.556254
0.415079365,-0.559346
0.415192744,-0.562421
0.415306122,-0.565479
0.415419501,-0.568520
0.415532880,-0.571543
0.415646259,-0.574549
0.415759637,-0.577537
0.415873016,-0.580505
0.415986395,-0.583456
0.416099773,-0.586387
0.416213152,-0.589299
0.416326531,-0.592191
0.416439909,-0.595064
0.416553288,-0.597916
0.416666667,-0.600747
0.416780045,-0.603558
0.416893424,-0.606347
0.417006803,-0.609115
0.417120181,-0.611861
0.417233560,-0.614586
0.417346939,-0.617287
0.417460317,-0.619967
0.417573696,-0.622623
0.417687075,-0.625256
0.417800454,-0.627865
0.417913832,-0.630451
0.418027211,-0.633012
0.418140590,-0.635549
0.418253968,-0.638062
0.418367347,-0.640549
0.418480726,-0.643011
0.418594104,-0.645448
0.418707483,-0.647858
0.418820862,-0.650243
0.418934240,-0.652601
0.419047619,-0.654932
0.419160998,-0.657236
0.419274376,-0.659513
0.419387755,-0.661762
0.419501134,-0.663984
0.419614512,-0.666178
0.419727891,-0.668343
0.419841270,-0.670480
0.419954649,-0.672588
0.420068027,-0.674667
0.420181406,-0.676717
0.420294785,-0.678737
0.420408163,-0.680728
0.420521542,-0.682688
0.420634921,-0.684618
0.420748299,-0.686518
0.420861678,-0.688387
0.420975057,-0.690226
0.421088435,-0.692033
0.421201814,-0.693809
0.421315193,-0.695554
0.421428571,-0.697267
0.421541950,-0.698948
0.421655329,-0.700597
0.421768707,-0.702213
0.421882086,-0.703797
0.421995465,-0.705348
0.422108844,-0.706866
0.422222222,-0.708351
0.422335601,-0.709802
0.422448980,-0.711220
0.422562358,-0.712604
0.422675737,-0.713953
0.422789116,-0.715268
0.422902494,-0.716549
0.423015873,-0.717794
0.423129252,-0.719005
0.423242630,-0.720180
0.423356009,-0.721320
0.423469388,-0.722424
0.423582766,-0.723492
0.423696145,-0.724524
0.423809524,-0.725520
0.423922902,-0.726480
0.424036281,-0.727403
0.424149660,-0.728289
0.424263039,-0.729138
0.424376417,-0.729950
0.424489796,-0.730725
0.424603175,-0.731463
0.424716553,-0.732163
0.424829932,-0.732825
0.424943311,-0.733450
0.425056689,-0.734036
0.425170068,-0.734584
0.425283447,-0.735094
0.425396825,-0.735566
0.425510204,-0.735999
0.425623583,-0.736393
0.425736961,-0.736748
0.425850340,-0.737065
0.425963719,-0.737342
0.426077098,-0.737581
0.426190476,-0.737779
0.426303855,-0.737939
0.426417234,-0.738059
0.426530612,-0.738139
0.426643991,-0.738180
0.426757370,-0.738180
0.426870748,-0.738140
0.426984127,-0.738060
0.427097506,-0.737940
0.427210884,-0.737779
0.427324263,-0.737577
0.427437642,-0.737334
0.427551020,-0.737050
0.427664399,-0.736725
0.427777778,-0.736358
0.427891156,-0.735950
0.428004535,-0.735500
0.428117914,-0.735009
0.428231293,-0.734475
0.428344671,-0.733899
0.428458050,-0.733281
0.428571429,-0.732621
0.428684807,-0.731918
0.428798186,-0.731172
0.428911565,-0.730384
0.429024943,-0.729553
0.429138322,-0.728679
0.429251701,-0.727761
0.429365079,-0.726800
0.429478458,-0.725796
0.429591837,-0.724748
0.429705215,-0.723657
0.429818594,-0.722522
0.429931973,-0.721343
0.430045351,-0.720120
0.430158730,-0.718854
0.430272109,-0.717543
0.430385488,-0.716189
0.430498866,-0.714790
0.430612245,-0.713346
0.430725624,-0.711859
0.430839002,-0.710327
0.430952381,-0.708751
0.431065760,-0.707130
0.431179138,-0.705465
0.431292517,-0.703755
0.431405896,-0.702001
0.431519274,-0.700202
0.431632653,-0.698358
0.431746032,-0.696470
0.431859410,-0.694537
0.431972789,-0.692560
0.432086168,-0.690537
0.432199546,-0.688470
0.432312925,-0.686358
0.432426304,-0.684202
0.432539683,-0.682000
0.432653061,-0.679754
0.432766440,-0.677464
0.432879819,-0.675128
0.432993197,-0.672748
0.433106576,-0.670323
0.433219955,-0.667854
0.433333333,-0.665340
0.433446712,-0.662782
0.433560091,-0.660180
0.433673469,-0.657533
0.433786848,-0.654841
0.433900227,-0.652106
0.434013605,-0.649327
0.434126984,-0.646503
0.434240363,-0.643636
0.434353741,-0.640725
0.434467120,-0.637770
0.434580499,-0.634771
0.434693878,-0.631729
0.434807256,-0.628643
0.434920635,-0.625514
0.435034014,-0.622342
0.435147392,-0.619126
0.435260771,-0.615868
0.435374150,-0.612567
0.435487528,-0.609223
0.435600907,-0.605836
0.435714286,-0.602407
0.435827664,-0.598936
0.435941043,-0.595423
0.436054422,-0.591867
0.436167800,-0.588270
0.436281179,-0.584632
0.436394558,-0.580952
0.436507937,-0.577231
0.436621315,-0.573469
0.436734694,-0.569666
0.436848073,-0.565822
0.436961451,-0.561938
0.437074830,-0.558014
0.437188209,-0.554049
0.437301587,-0.550045
0.437414966,-0.546001
0.437528345,-0.541917
0.437641723,-0.537794
0.437755102,-0.533633
0.437868481,-0.529432
0.437981859,-0.525192
0.438095238,-0.520915
0.438208617,-0.516599
0.438321995,-0.512245
0.438435374,-0.507853
0.438548753,-0.503425
0.438662132,-0.498958
0.438775510,-0.494456
0.438888889,-0.489917
0.439002268,-0.485341
0.439115646,-0.480730
0.439229025,-0.476082
0.439342404,-0.471400
0.439455782,-0.466682
0.439569161,-0.461929
0.439682540,-0.457142
0.439795918,-0.452320
0.439909297,-0.447464
0.440022676,-0.442575
0.440136054,-0.437652
0.440249433,-0.432696
0.440362812,-0.427707
0.440476190,-0.422686
0.440589569,-0.417633
0.440702948,-0.412549
0.440816327,-0.407433
0.440929705,-0.402286
0.441043084,-0.397109
0.441156463,-0.391901
0.441269841,-0.386664
0.441383220,-0.381398
0.441496599,-0.376103
0.441609977,-0.370779
0.441723356,-0.365427
0.441836735,-0.360047
0.441950113,-0.354640
0.442063492,-0.349206
0.442176871,-0.343746
0.442290249,-0.338259
0.442403628,-0.332747
0.442517007,-0.327210
0.442630385,-0.321648
0.442743764,-0.316062
0.442857143,-0.310452
0.442970522,-0.304819
0.443083900,-0.299163
0.443197279,-0.293484
0.443310658,-0.287784
0.443424036,-0.282062
0.443537415,-0.276319
0.443650794,-0.270556
0.443764172,-0.264772
0.443877551,-0.258970
0.443990930,-0.253148
0.444104308,-0.247308
0.444217687,-0.241450
0.444331066,-0.235574
0.444444444,-0.229682
0.444557823,-0.223773
0.444671202,-0.217849
0.444784580,-0.211909
0.444897959,-0.205955
0.445011338,-0.199987
0.445124717,-0.194005
0.445238095,-0.188010
0.445351474,-0.182003
0.445464853,-0.175984
0.445578231,-0.169954
0.445691610,-0.163914
0.445804989,-0.157863
0.445918367,-0.151803
0.446031746,-0.145734
0.446145125,-0.139657
0.446258503,-0.133572
0.446371882,-0.127480
0.446485261,-0.121382
0.446598639,-0.115278
0.446712018,-0.109169
0.446825397,-0.103054
0.446938776,-0.096937
0.447052154,-0.090815
0.447165533,-0.084691
0.447278912,-0.078565
0.447392290,-0.072437
0.447505669,-0.066308
0.447619048,-0.060180
0.447732426,-0.054051
0.447845805,-0.047923
0.447959184,-0.041796
0.448072562,-0.035672
0.448185941,-0.029550
0.448299320,-0.023432
0.448412698,-0.017318
0.448526077,-0.011208
0.448639456,-0.005103
0.448752834,0.000996
0.448866213,0.007089
0.448979592,0.013175
0.449092971,0.019253
0.449206349,0.025323
0.449319728,0.031385
0.449433107,0.037436
0.449546485,0.043478
0.449659864,0.049510
0.449773243,0.055530
0.449886621,0.061539
0.450000000,0.067535
0.450113379,0.073518
0.450226757,0.079488
0.450340136,0.085443
0.450453515,0.091384
0.450566893,0.097309
0.450680272,0.103218
0.450793651,0.109111
0.450907029,0.114987
0.451020408,0.120845
0.451133787,0.126685
0.451247166,0.132506
0.451360544,0.138307
0.451473923,0.144089
0.451587302,0.149851
0.451700680,0.155591
0.451814059,0.161309
0.451927438,0.167005
0.452040816,0.172679
0.452154195,0.178329
0.452267574,0.183955
0.452380952,0.189558
0.452494331,0.195135
0.452607710,0.200686
0.452721088,0.206212
0.452834467,0.211712
0.452947846,0.217184
0.453061224,0.222630
0.453174603,0.228047
0.453287982,0.233437
0.453401361,0.238797
0.453514739,0.244128
0.453628118,0.249429
0.453741497,0.254700
0.453854875,0.259940
0.453968254,0.265150
0.454081633,0.270327
0.454195011,0.275473
0.454308390,0.280585
0.454421769,0.285665
0.454535147,0.290712
0.454648526,0.295725
0.454761905,0.300703
0.454875283,0.305647
0.454988662,0.310556
0.455102041,0.315430
0.455215420,0.320267
0.455328798,0.325068
0.455442177,0.329832
0.455555556,0.334559
0.455668934,0.339249
0.455782313,0.343901
0.455895692,0.348514
0.456009070,0.353089
0.456122449,0.357625
0.456235828,0.362122
0.456349206,0.366579
0.456462585,0.370996
0.456575964,0.375373
0.456689342,0.379709
0.456802721,0.384004
0.456916100,0.388258
0.457029478,0.392470
0.457142857,0.396640
0.457256236,0.400768
0.457369615,0.404853
0.457482993,0.408895
0.457596372,0.412895
0.457709751,0.416851
0.457823129,0.420763
0.457936508,0.424632
0.458049887,0.428456
0.458163265,0.432236
0.458276644,0.435971
0.458390023,0.439661
0.458503401,0.443306
0.458616780,0.446906
0.458730159,0.450460
0.458843537,0.453968
0.458956916,0.457430
0.459070295,0.460847
0.459183673,0.464216
0.459297052,0.467539
0.459410431,0.470815
0.459523810,0.474045
0.459637188,0.477227
0.459750567,0.480362
0.459863946,0.483449
0.459977324,0.486489
0.460090703,0.489481
0.460204082,0.492426
0.460317460,0.495323
0.460430839,0.498171
0.460544218,0.500971
0.460657596,0.503723
0.460770975,0.506427
0.460884354,0.509083
0.460997732,0.511690
0.461111111,0.514248
0.461224490,0.516758
0.461337868,0.519219
0.461451247,0.521631
0.461564626,0.523994
0.461678005,0.526309
0.461791383,0.528574
0.461904762,0.530790
0.462018141,0.532957
0.462131519,0.535075
0.462244898,0.537144
0.462358277,0.539164
0.462471655,0.541134
0.462585034,0.543055
0.462698413,0.544927
0.462811791,0.546749
0.462925170,0.548522
0.463038549,0.550247
0.463151927,0.551922
0.463265306,0.553548
0.463378685,0.555125
0.463492063,0.556652
0.463605442,0.558132
0.463718821,0.559562
0.463832200,0.560943
0.463945578,0.562277
0.464058957,0.563561
0.464172336,0.564797
0.464285714,0.565984
0.464399093,0.567124
0.464512472,0.568215
0.464625850,0.569259
0.464739229,0.570254
0.464852608,0.571203
0.464965986,0.572103
0.465079365,0.572957
0.465192744,0.573762
0.465306122,0.574521
0.465419501,0.575233
0.465532880,0.575898
0.465646259,0.576516
0.465759637,0.577088
0.465873016,0.577614
0.465986395,0.578093
0.466099773,0.578526
0.466213152,0.578913
0.466326531,0.579254
0.466439909,0.579550
0.466553288,0.579800
0.466666667,0.580005
0.466780045,0.580164
0.466893424,0.580278
0.467006803,0.580348
0.467120181,0.580372
0.467233560,0.580352
0.467346939,0.580288
0.467460317,0.580179
0.467573696,0.580026
0.467687075,0.579829
0.467800454,0.579588
0.467913832,0.579304
0.468027211,0.578976
0.468140590,0.578606
0.468253968,0.578192
0.468367347,0.577736
0.468480726,0.577237
0.468594104,0.576696
0.468707483,0.576113
0.468820862,0.575488
0.468934240,0.574821
0.469047619,0.574113
0.469160998,0.573363
0.469274376,0.572573
0.469387755,0.571742
0.469501134,0.570870
0.469614512,0.569957
0.469727891,0.569005
0.469841270,0.568012
0.469954649,0.566980
0.470068027,0.565909
0.470181406,0.564798
0.470294785,0.563649
0.470408163,0.562460
0.470521542,0.561233
0.470634921,0.559968
0.470748299,0.558665
0.470861678,0.557324
0.470975057,0.555946
0.471088435,0.554531
0.471201814,0.553078
0.471315193,0.551589
0.471428571,0.550064
0.471541950,0.548503
0.471655329,0.546905
0.471768707,0.545273
0.471882086,0.543605
0.471995465,0.541902
0.472108844,0.540164
0.472222222,0.538392
0.472335601,0.536586
0.472448980,0.534745
0.472562358,0.532871
0.472675737,0.530964
0.472789116,0.529023
0.472902494,0.527051
0.473015873,0.525045
0.473129252,0.523008
0.473242630,0.520938
0.473356009,0.518837
0.473469388,0.516705
0.473582766,0.514542
0.473696145,0.512349
0.473809524,0.510125
0.473922902,0.507872
0.474036281,0.505588
0.474149660,0.503276
0.474263039,0.500935
0.474376417,0.498566
0.474489796,0.496168
0.474603175,0.493742
0.474716553,0.491289
0.474829932,0.488810
0.474943311,0.486303
0.475056689,0.483770
0.475170068,0.481212
0.475283447,0.478628
0.475396825,0.476018
0.475510204,0.473384
0.475623583,0.470725
0.475736961,0.468043
0.475850340,0.465337
0.475963719,0.462608
0.476077098,0.459856
0.476190476,0.457082
0.476303855,0.454286
0.476417234,0.451469
0.476530612,0.448630
0.476643991,0.445771
0.476757370,0.442891
0.476870748,0.439991
0.476984127,0.437071
0.477097506,0.434132
0.477210884,0.431174
0.477324263,0.428198
0.477437642,0.425203
0.477551020,0.422191
0.477664399,0.419161
0.477777778,0.416114
0.477891156,0.413051
0.478004535,0.409971
0.478117914,0.406875
0.478231293,0.403764
0.478344671,0.400637
0.478458050,0.397496
0.478571429,0.394340
0.478684807,0.391169
0.478798186,0.387985
0.478911565,0.384788
0.479024943,0.381577
0.479138322,0.378354
0.479251701,0.375118
0.479365079,0.371870
0.479478458,0.368610
0.479591837,0.365340
0.479705215,0.362057
0.479818594,0.358764
0.479931973,0.355460
0.480045351,0.352147
0.480158730,0.348823
0.480272109,0.345490
0.480385488,0.342148
0.480498866,0.338797
0.480612245,0.335437
0.480725624,0.332069
0.480839002,0.328693
0.480952381,0.325310
0.481065760,0.321919
0.481179138,0.318521
0.481292517,0.315115
0.481405896,0.311704
0.481519274,0.308286
0.481632653,0.304863
0.481746032,0.301433
0.481859410,0.297998
0.481972789,0.294557
0.482086168,0.291111
0.482199546,0.287662
0.482312925,0.284206
0.482426304,0.280747
0.482539683,0.277283
0.482653061,0.273816
0.482766440,0.270344
0.482879819,0.266869
0.482993197,0.263391
0.483106576,0.259909
0.483219955,0.256424
0.483333333,0.252936
0.483446712,0.249446
0.483560091,0.245953
0.483673469,0.242458
0.483786848,0.238961
0.483900227,0.235462
0.484013605,0.231962
0.484126984,0.228459
0.484240363,0.224955
0.484353741,0.221450
0.484467120,0.217944
0.484580499,0.214437
0.484693878,0.210930
0.484807256,0.207421
0.484920635,0.203912
0.485034014,0.200403
0.485147392,0.196894
0.485260771,0.193385
0.485374150,0.189875
0.485487528,0.186366
0.485600907,0.182858
0.485714286,0.179350
0.485827664,0.175843
0.485941043,0.172337
0.486054422,0.168832
0.486167800,0.165328
0.486281179,0.161824
0.486394558,0.158323
0.486507937,0.154823
0.486621315,0.151325
0.486734694,0.147829
0.486848073,0.144334
0.486961451,0.140842
0.487074830,0.137352
0.487188209,0.133863
0.487301587,0.130377
0.487414966,0.126893
0.487528345,0.123412
0.487641723,0.119933
0.487755102,0.116457
0.487868481,0.112983
0.487981859,0.109512
0.488095238,0.106043
0.488208617,0.102578
0.488321995,0.099115
0.488435374,0.095655
0.488548753,0.092198
0.488662132,0.088743
0.488775510,0.085292
0.488888889,0.081844
0.489002268,0.078399
0.489115646,0.074956
0.489229025,0.071517
0.489342404,0.068081
0.489455782,0.064648
0.489569161,0.061219
0.489682540,0.057792
0.489795918,0.054368
0.489909297,0.050947
0.490022676,0.047530
0.490136054,0.044115
0.490249433,0.040703
0.490362812,0.037294
0.490476190,0.033889
0.490589569,0.030486
0.490702948,0.027087
0.490816327,0.023689
0.490929705,0.020296
0.491043084,0.016905
0.491156463,0.013516
0.491269841,0.010131
0.491383220,0.006748
0.491496599,0.003368
0.491609977,-0.000009
0.491723356,-0.003383
0.491836735,-0.006755
0.491950113,-0.010125
0.492063492,-0.013491
0.492176871,-0.016856
0.492290249,-0.020217
0.492403628,-0.023576
0.492517007,-0.026933
0.492630385,-0.030288
0.492743764,-0.033641
0.492857143,-0.036991
0.492970522,-0.040339
0.493083900,-0.043685
0.493197279,-0.047030
0.493310658,-0.050372
0.493424036,-0.053713
0.493537415,-0.057052
0.493650794,-0.060389
0.493764172,-0.063724
0.493877551,-0.067059
0.493990930,-0.070391
0.494104308,-0.073723
0.494217687,-0.077053
0.494331066,-0.080382
0.494444444,-0.083710
0.494557823,-0.087037
0.494671202,-0.090363
0.494784580,-0.093688
0.494897959,-0.097013
0.495011338,-0.100336
0.495124717,-0.103659
0.495238095,-0.106982
0.495351474,-0.110304
0.495464853,-0.113625
0.495578231,-0.116946
0.495691610,-0.120267
0.495804989,-0.123587
0.495918367,-0.126908
0.496031746,-0.130228
0.496145125,-0.133548
0.496258503,-0.136868
0.496371882,-0.140188
0.496485261,-0.143508
0.496598639,-0.146829
0.496712018,-0.150150
0.496825397,-0.153470
0.496938776,-0.156791
0.497052154,-0.160113
0.497165533,-0.163435
0.497278912,-0.166757
0.497392290,-0.170080
0.497505669,-0.173404
0.497619048,-0.176728
0.497732426,-0.180052
0.497845805,-0.183378
0.497959184,-0.186704
0.498072562,-0.190030
0.498185941,-0.193358
0.498299320,-0.196686
0.498412698,-0.200015
0.498526077,-0.203345
0.498639456,-0.206675
0.498752834,-0.210007
0.498866213,-0.213339
0.498979592,-0.216672
0.499092971,-0.220006
0.499206349,-0.223341
0.499319728,-0.226676
0.499433107,-0.230013
0.499546485,-0.233350
0.499659864,-0.236689
0.499773243,-0.240028
0.499886621,-0.243368
0.500000000,-0.246709
0.500113379,-0.250051
0.500226757,-0.253394
0.500340136,-0.256738
0.500453515,-0.260082
0.500566893,-0.263428
0.500680272,-0.266775
0.500793651,-0.270122
0.500907029,-0.273471
0.501020408,-0.276820
0.501133787,-0.280170
0.501247166,-0.283521
0.501360544,-0.286873
0.501473923,-0.290226
0.501587302,-0.293580
0.501700680,-0.296934
0.501814059,-0.300289
0.501927438,-0.303645
0.502040816,-0.307001
0.502154195,-0.310358
0.502267574,-0.313715
0.502380952,-0.317073
0.502494331,-0.320432
0.502607710,-0.323791
0.502721088,-0.327151
0.502834467,-0.330510
0.502947846,-0.333871
0.503061224,-0.337231
0.503174603,-0.340592
0.503287982,-0.343953
0.503401361,-0.347314
0.503514739,-0.350675
0.503628118,-0.354036
0.503741497,-0.357398
0.503854875,-0.360759
0.503968254,-0.364120
0.504081633,-0.367481
0.504195011,-0.370842
0.504308390,-0.374203
0.504421769,-0.377563
0.504535147,-0.380923
0.504648526,-0.384283
0.504761905,-0.387642
0.504875283,-0.391001
0.504988662,-0.394359
0.505102041,-0.397717
0.505215420,-0.401074
0.505328798,-0.404431
0.505442177,-0.407786
0.505555556,-0.411141
0.505668934,-0.414494
0.505782313,-0.417847
0.505895692,-0.421199
0.506009070,-0.424549
0.506122449,-0.427898
0.506235828,-0.431245
0.506349206,-0.434591
0.506462585,-0.437936
0.506575964,-0.441278
0.506689342,-0.444619
0.506802721,-0.447958
0.506916100,-0.451294
0.507029478,-0.454629
0.507142857,-0.457960
0.507256236,-0.461290
0.507369615,-0.464616
0.507482993,-0.467940
0.507596372,-0.471260
0.507709751,-0.474578
0.507823129,-0.477892
0.507936508,-0.481202
0.508049887,-0.484508
0.508163265,-0.487810
0.508276644,-0.491109
0.508390023,-0.494402
0.508503401,-0.497691
0.508616780,-0.500976
0.508730159,-0.504255
0.508843537,-0.507529
0.508956916,-0.510798
0.509070295,-0.514061
0.509183673,-0.517318
0.509297052,-0.520569
0.509410431,-0.523814
0.509523810,-0.527052
0.509637188,-0.530282
0.509750567,-0.533506
0.509863946,-0.536722
0.509977324,-0.539931
0.510090703,-0.543131
0.510204082,-0.546323
0.510317460,-0.549507
0.510430839,-0.552682
0.510544218,-0.555847
0.510657596,-0.559003
0.510770975,-0.562148
0.510884354,-0.565284
0.510997732,-0.568409
0.511111111,-0.571524
0.511224490,-0.574627
0.511337868,-0.577719
0.511451247,-0.580798
0.511564626,-0.583866
0.511678005,-0.586921
0.511791383,-0.589963
0.511904762,-0.592993
0.512018141,-0.596008
0.512131519,-0.599010
0.512244898,-0.601997
0.512358277,-0.604969
0.512471655,-0.607927
0.512585034,-0.610869
0.512698413,-0.613795
0.512811791,-0.616705
0.512925170,-0.619598
0.513038549,-0.622474
0.513151927,-0.625333
0.513265306,-0.628175
0.513378685,-0.630998
0.513492063,-0.633802
0.513605442,-0.636588
0.513718821,-0.639355
0.513832200,-0.642101
0.513945578,-0.644828
0.514058957,-0.647533
0.514172336,-0.650219
0.514285714,-0.652882
0.514399093,-0.655524
0.514512472,-0.658144
0.514625850,-0.660740
0.514739229,-0.663314
0.514852608,-0.665864
0.514965986,-0.668391
0.515079365,-0.670893
0.515192744,-0.673369
0.515306122,-0.675821
0.515419501,-0.678247
0.515532880,-0.680647
0.515646259,-0.683020
0.515759637,-0.685367
0.515873016,-0.687686
0.515986395,-0.689977
0.516099773,-0.692241
0.516213152,-0.694475
0.516326531,-0.696680
0.516439909,-0.698856
0.516553288,-0.701003
0.516666667,-0.703118
0.516780045,-0.705203
0.516893424,-0.707257
0.517006803,-0.709279
0.517120181,-0.711269
0.517233560,-0.713226
0.517346939,-0.715150
0.517460317,-0.717041
0.517573696,-0.718898
0.517687075,-0.720721
0.517800454,-0.722509
0.517913832,-0.724262
0.518027211,-0.725979
0.518140590,-0.727660
0.518253968,-0.729305
0.518367347,-0.730913
0.518480726,-0.732484
0.518594104,-0.734017
0.518707483,-0.735512
0.518820862,-0.736969
0.518934240,-0.738386
0.519047619,-0.739765
0.519160998,-0.741104
0.519274376,-0.742402
0.519387755,-0.743660
0.519501134,-0.744877
0.519614512,-0.746053
0.519727891,-0.747187
0.519841270,-0.748279
0.519954649,-0.749329
0.520068027,-0.750335
0.520181406,-0.751298
0.520294785,-0.752217
0.520408163,-0.753092
0.520521542,-0.753922
0.520634921,-0.754708
0.520748299,-0.755448
0.520861678,-0.756142
0.520975057,-0.756791
0.521088435,-0.757393
0.521201814,-0.757948
0.521315193,-0.758456
0.521428571,-0.758916
0.521541950,-0.759328
0.521655329,-0.759692
0.521768707,-0.760008
0.521882086,-0.760274
0.521995465,-0.760491
0.522108844,-0.760658
0.522222222,-0.760775
0.522335601,-0.760842
0.522448980,-0.760858
0.522562358,-0.760822
0.522675737,-0.760735
0.522789116,-0.760596
0.522902494,-0.760405
0.523015873,-0.760162
0.523129252,-0.759865
0.523242630,-0.759515
0.523356009,-0.759113
0.523469388,-0.758656
0.523582766,-0.758146
0.523696145,-0.757581
0.523809524,-0.756962
0.523922902,-0.756288
0.524036281,-0.755559
0.524149660,-0.754775
0.524263039,-0.753935
0.524376417,-0.753040
0.524489796,-0.752089
0.524603175,-0.751082
0.524716553,-0.750019
0.524829932,-0.748899
0.524943311,-0.747723
0.525056689,-0.746490
0.525170068,-0.745200
0.525283447,-0.743853
0.525396825,-0.742448
0.525510204,-0.740986
0.525623583,-0.739467
0.525736961,-0.737890
0.525850340,-0.736256
0.525963719,-0.734564
0.526077098,-0.732814
0.526190476,-0.731006
0.526303855,-0.729140
0.526417234,-0.727216
0.526530612,-0.725235
0.526643991,-0.723195
0.526757370,-0.721097
0.526870748,-0.718940
0.526984127,-0.716726
0.527097506,-0.714453
0.527210884,-0.712122
0.527324263,-0.709732
0.527437642,-0.707284
0.527551020,-0.704778
0.527664399,-0.702213
0.527777778,-0.699590
0.527891156,-0.696909
0.528004535,-0.694169
0.528117914,-0.691372
0.528231293,-0.688517
0.528344671,-0.685604
0.528458050,-0.682633
0.528571429,-0.679605
0.528684807,-0.676519
0.528798186,-0.673376
0.528911565,-0.670176
0.529024943,-0.666919
0.529138322,-0.663605
0.529251701,-0.660234
0.529365079,-0.656806
0.529478458,-0.653322
0.529591837,-0.649782
0.529705215,-0.646187
0.529818594,-0.642535
0.529931973,-0.638828
0.530045351,-0.635065
0.530158730,-0.631247
0.530272109,-0.627375
0.530385488,-0.623448
0.530498866,-0.619467
0.530612245,-0.615431
0.530725624,-0.611342
0.530839002,-0.607200
0.530952381,-0.603005
0.531065760,-0.598757
0.531179138,-0.594457
0.531292517,-0.590105
0.531405896,-0.585701
0.531519274,-0.581246
0.531632653,-0.576740
0.531746032,-0.572184
0.531859410,-0.567577
0.531972789,-0.562921
0.532086168,-0.558216
0.532199546,-0.553461
0.532312925,-0.548658
0.532426304,-0.543807
0.532539683,-0.538909
0.532653061,-0.533963
0.532766440,-0.528971
0.532879819,-0.523932
0.532993197,-0.518848
0.533106576,-0.513718
0.533219955,-0.508543
0.533333333,-0.503325
0.533446712,-0.498062
0.533560091,-0.492756
0.533673469,-0.487407
0.533786848,-0.482016
0.533900227,-0.476583
0.534013605,-0.471108
0.534126984,-0.465594
0.534240363,-0.460038
0.534353741,-0.454443
0.534467120,-0.448808
0.534580499,-0.443135
0.534693878,-0.437424
0.534807256,-0.431675
0.534920635,-0.425888
0.535034014,-0.420066
0.535147392,-0.414207
0.535260771,-0.408313
0.535374150,-0.402384
0.535487528,-0.396421
0.535600907,-0.390425
0.535714286,-0.384395
0.535827664,-0.378333
0.535941043,-0.372239
0.536054422,-0.366114
0.536167800,-0.359958
0.536281179,-0.353772
0.536394558,-0.347557
0.536507937,-0.341313
0.536621315,-0.335040
0.536734694,-0.328740
0.536848073,-0.322413
0.536961451,-0.316060
0.537074830,-0.309680
0.537188209,-0.303276
0.537301587,-0.296847
0.537414966,-0.290394
0.537528345,-0.283919
0.537641723,-0.277420
0.537755102,-0.270900
0.537868481,-0.264358
0.537981859,-0.257796
0.538095238,-0.251213
0.538208617,-0.244612
0.538321995,-0.237991
0.538435374,-0.231352
0.538548753,-0.224696
0.538662132,-0.218023
0.538775510,-0.211334
0.538888889,-0.204628
0.539002268,-0.197908
0.539115646,-0.191174
0.539229025,-0.184426
0.539342404,-0.177665
0.539455782,-0.170891
0.539569161,-0.164106
0.539682540,-0.157310
0.539795918,-0.150504
0.539909297,-0.143688
0.540022676,-0.136863
0.540136054,-0.130030
0.540249433,-0.123189
0.540362812,-0.116342
0.540476190,-0.109488
0.540589569,-0.102629
0.540702948,-0.095765
0.540816327,-0.088897
0.540929705,-0.082025
0.541043084,-0.075151
0.541156463,-0.068274
0.541269841,-0.061396
0.541383220,-0.054517
0.541496599,-0.047638
0.541609977,-0.040758
0.541723356,-0.033880
0.541836735,-0.027004
0.541950113,-0.020131
0.542063492,-0.013260
0.542176871,-0.006392
0.542290249,0.000471
0.542403628,0.007329
0.542517007,0.014182
0.542630385,0.021028
0.542743764,0.027867
0.542857143,0.034700
0.542970522,0.041524
0.543083900,0.048339
0.543197279,0.055145
0.543310658,0.061941
0.543424036,0.068726
0.543537415,0.075501
0.543650794,0.082264
0.543764172,0.089014
0.543877551,0.095752
0.543990930,0.102476
0.544104308,0.109186
0.544217687,0.115881
0.544331066,0.122561
0.544444444,0.129225
0.544557823,0.135873
0.544671202,0.142503
0.544784580,0.149116
0.544897959,0.155711
0.545011338,0.162287
0.545124717,0.168844
0.545238095,0.175381
0.545351474,0.181897
0.545464853,0.188392
0.545578231,0.194866
0.545691610,0.201317
0.545804989,0.207746
0.545918367,0.214152
0.546031746,0.220534
0.546145125,0.226891
0.546258503,0.233224
0.546371882,0.239532
0.546485261,0.245814
0.546598639,0.252069
0.546712018,0.258298
0.546825397,0.264500
0.546938776,0.270673
0.547052154,0.276819
0.547165533,0.282935
0.547278912,0.289023
0.547392290,0.295081
0.547505669,0.301108
0.547619048,0.307105
0.547732426,0.313071
0.547845805,0.319006
0.547959184,0.324908
0.548072562,0.330778
0.548185941,0.336616
0.548299320,0.342420
0.548412698,0.348190
0.548526077,0.353927
0.548639456,0.359629
0.548752834,0.365296
0.548866213,0.370928
0.548979592,0.376523
0.549092971,0.382083
0.549206349,0.387606
0.549319728,0.393092
0.549433107,0.398541
0.549546485,0.403951
0.549659864,0.409324
0.549773243,0.414658
0.549886621,0.419952
0.550000000,0.425207
0.550113379,0.430423
0.550226757,0.435599
0.550340136,0.440733
0.550453515,0.445827
0.550566893,0.450880
0.550680272,0.455891
0.550793651,0.460860
0.550907029,0.465787
0.551020408,0.470672
0.551133787,0.475513
0.551247166,0.480311
0.551360544,0.485065
0.551473923,0.489775
0.551587302,0.494441
0.551700680,0.499062
0.551814059,0.503638
0.551927438,0.508169
0.552040816,0.512654
0.552154195,0.517093
0.552267574,0.521486
0.552380952,0.525832
0.552494331,0.530132
0.552607710,0.534385
0.552721088,0.538590
0.552834467,0.542748
0.552947846,0.546858
0.553061224,0.550920
0.553174603,0.554934
0.553287982,0.558900
0.553401361,0.562818
0.553514739,0.566686
0.553628118,0.570506
0.553741497,0.574277
0.553854875,0.577998
0.553968254,0.581671
0.554081633,0.585293
0.554195011,0.588866
0.554308390,0.592390
0.554421769,0.595864
0.554535147,0.599287
0.554648526,0.602661
0.554761905,0.605984
0.554875283,0.609257
0.554988662,0.612480
0.555102041,0.615652
0.555215420,0.618774
0.555328798,0.621845
0.555442177,0.624866
0.555555556,0.627836
0.555668934,0.630755
0.555782313,0.633624
0.555895692,0.636441
0.556009070,0.639208
0.556122449,0.641924
0.556235828,0.644589
0.556349206,0.647204
0.556462585,0.649767
0.556575964,0.652279
0.556689342,0.654740
0.556802721,0.657150
0.556916100,0.659510
0.557029478,0.661818
0.557142857,0.664075
0.557256236,0.666281
0.557369615,0.668436
0.557482993,0.670540
0.557596372,0.672593
0.557709751,0.674596
0.557823129,0.676547
0.557936508,0.678449
0.558049887,0.680299
0.558163265,0.682099
0.558276644,0.683849
0.558390023,0.685548
0.558503401,0.687196
0.558616780,0.688795
0.558730159,0.690343
0.558843537,0.691842
0.558956916,0.693290
0.559070295,0.694688
0.559183673,0.696037
0.559297052,0.697336
0.559410431,0.698585
0.559523810,0.699785
0.559637188,0.700935
0.559750567,0.702036
0.559863946,0.703088
0.559977324,0.704090
0.560090703,0.705044
0.560204082,0.705949
0.560317460,0.706805
0.560430839,0.707612
0.560544218,0.708371
0.560657596,0.709082
0.560770975,0.709745
0.560884354,0.710360
0.560997732,0.710927
0.561111111,0.711446
0.561224490,0.711918
0.561337868,0.712342
0.561451247,0.712719
0.561564626,0.713049
0.561678005,0.713333
0.561791383,0.713569
0.561904762,0.713760
0.562018141,0.713904
0.562131519,0.714002
0.562244898,0.714055
0.562358277,0.714062
0.562471655,0.714024
0.562585034,0.713940
0.562698413,0.713812
0.562811791,0.713640
0.562925170,0.713423
0.563038549,0.713163
0.563151927,0.712858
0.563265306,0.712511
0.563378685,0.712120
0.563492063,0.711687
0.563605442,0.711211
0.563718821,0.710693
0.563832200,0.710133
0.563945578,0.709532
0.564058957,0.708889
0.564172336,0.708205
0.564285714,0.707480
0.564399093,0.706715
0.564512472,0.705911
0.564625850,0.705066
0.564739229,0.704182
0.564852608,0.703259
0.564965986,0.702296
0.565079365,0.701296
0.565192744,0.700257
0.565306122,0.699181
0.565419501,0.698067
0.565532880,0.696916
0.565646259,0.695728
0.565759637,0.694504
0.565873016,0.693243
0.565986395,0.691947
0.566099773,0.690615
0.566213152,0.689247
0.566326531,0.687846
0.566439909,0.686409
0.566553288,0.684938
0.566666667,0.683434
0.566780045,0.681895
0.566893424,0.680324
0.567006803,0.678720
0.567120181,0.677083
0.567233560,0.675414
0.567346939,0.673714
0.567460317,0.671982
0.567573696,0.670219
0.567687075,0.668425
0.567800454,0.666601
0.567913832,0.664748
0.568027211,0.662864
0.568140590,0.660952
0.568253968,0.659011
0.568367347,0.657042
0.568480726,0.655045
0.568594104,0.653020
0.568707483,0.650968
0.568820862,0.648889
0.568934240,0.646784
0.569047619,0.644653
0.569160998,0.642496
0.569274376,0.640314
0.569387755,0.638106
0.569501134,0.635875
0.569614512,0.633619
0.569727891,0.631339
0.569841270,0.629036
0.569954649,0.626710
0.570068027,0.624361
0.570181406,0.621989
0.570294785,0.619596
0.570408163,0.617181
0.570521542,0.614745
0.570634921,0.612288
0.570748299,0.609811
0.570861678,0.607313
0.570975057,0.604795
0.571088435,0.602257
0.571201814,0.599700
0.571315193,0.597123
0.571428571,0.594528
0.571541950,0.591914
0.571655329,0.589282
0.571768707,0.586631
0.571882086,0.583962
0.571995465,0.581276
0.572108844,0.578573
0.572222222,0.575852
0.572335601,0.573115
0.572448980,0.570361
0.572562358,0.567590
0.572675737,0.564804
0.572789116,0.562001
0.572902494,0.559183
0.573015873,0.556349
0.573129252,0.553500
0.573242630,0.550636
0.573356009,0.547758
0.573469388,0.544864
0.573582766,0.541957
0.573696145,0.539035
0.573809524,0.536099
0.573922902,0.533150
0.574036281,0.530188
0.574149660,0.527212
0.574263039,0.524224
0.574376417,0.521223
0.574489796,0.518210
0.574603175,0.515184
0.574716553,0.512147
0.574829932,0.509099
0.574943311,0.506039
0.575056689,0.502968
0.575170068,0.499886
0.575283447,0.496794
0.575396825,0.493691
0.575510204,0.490578
0.575623583,0.487455
0.575736961,0.484322
0.575850340,0.481180
0.575963719,0.478028
0.576077098,0.474867
0.576190476,0.471698
0.576303855,0.468519
0.576417234,0.465332
0.576530612,0.462137
0.576643991,0.458934
0.576757370,0.455722
0.576870748,0.452503
0.576984127,0.449276
0.577097506,0.446042
0.577210884,0.442800
0.577324263,0.439551
0.577437642,0.436295
0.577551020,0.433033
0.577664399,0.429763
0.577777778,0.426488
0.577891156,0.423205
0.578004535,0.419917
0.578117914,0.416622
0.578231293,0.413321
0.578344671,0.410015
0.578458050,0.406703
0.578571429,0.403386
0.578684807,0.400063
0.578798186,0.396735
0.578911565,0.393402
0.579024943,0.390064
0.579138322,0.386722
0.579251701,0.383375
0.579365079,0.380024
0.579478458,0.376669
0.579591837,0.373310
0.579705215,0.369947
0.579818594,0.366580
0.579931973,0.363210
0.580045351,0.359837
0.580158730,0.356460
0.580272109,0.353081
0.580385488,0.349698
0.580498866,0.346313
0.580612245,0.342926
0.580725624,0.339536
0.580839002,0.336143
0.580952381,0.332749
0.581065760,0.329353
0.581179138,0.325954
0.581292517,0.322554
0.581405896,0.319153
0.581519274,0.315750
0.581632653,0.312346
0.581746032,0.308940
0.581859410,0.305533
0.581972789,0.302126
0.582086168,0.298717
0.582199546,0.295308
0.582312925,0.291898
0.582426304,0.288488
0.582539683,0.285077
0.582653061,0.281666
0.582766440,0.278254
0.582879819,0.274842
0.582993197,0.271430
0.583106576,0.268018
0.583219955,0.264605
0.583333333,0.261192
0.583446712,0.257780
0.583560091,0.254367
0.583673469,0.250954
0.583786848,0.247541
0.583900227,0.244129
0.584013605,0.240716
0.584126984,0.237303
0.584240363,0.233891
0.584353741,0.230479
0.584467120,0.227067
0.584580499,0.223655
0.584693878,0.220244
0.584807256,0.216833
0.584920635,0.213422
0.585034014,0.210011
0.585147392,0.206600
0.585260771,0.203190
0.585374150,0.199780
0.585487528,0.196371
0.585600907,0.192961
0.585714286,0.189552
0.585827664,0.186143
0.585941043,0.182734
0.586054422,0.179326
0.586167800,0.175919
0.586281179,0.172511
0.586394558,0.169104
0.586507937,0.165698
0.586621315,0.162292
0.586734694,0.158886
0.586848073,0.155481
0.586961451,0.152077
0.587074830,0.148672
0.587188209,0.145269
0.587301587,0.141866
0.587414966,0.138463
0.587528345,0.135061
0.587641723,0.131659
0.587755102,0.128258
0.587868481,0.124857
0.587981859,0.121456
0.588095238,0.118055
0.588208617,0.114655
0.588321995,0.111254
0.588435374,0.107854
0.588548753,0.104453
0.588662132,0.101053
0.588775510,0.097652
0.588888889,0.094251
0.589002268,0.090849
0.589115646,0.087448
0.589229025,0.084045
0.589342404,0.080642
0.589455782,0.077239
0.589569161,0.073834
0.589682540,0.070430
0.589795918,0.067024
0.589909297,0.063617
0.590022676,0.060210
0.590136054,0.056801
0.590249433,0.053391
0.590362812,0.049980
0.590476190,0.046568
0.590589569,0.043155
0.590702948,0.039740
0.590816327,0.036324
0.590929705,0.032906
0.591043084,0.029487
0.591156463,0.026066
0.591269841,0.022644
0.591383220,0.019220
0.591496599,0.015794
0.591609977,0.012366
0.591723356,0.008936
0.591836735,0.005504
0.591950113,0.002070
0.592063492,-0.001366
0.592176871,-0.004804
0.592290249,-0.008245
0.592403628,-0.011688
0.592517007,-0.015134
0.592630385,-0.018582
0.592743764,-0.022033
0.592857143,-0.025486
0.592970522,-0.028943
0.593083900,-0.032401
0.593197279,-0.035863
0.593310658,-0.039329
0.593424036,-0.042796
0.593537415,-0.046267
0.593650794,-0.049742
0.593764172,-0.053219
0.593877551,-0.056700
0.593990930,-0.060184
0.594104308,-0.063671
0.594217687,-0.067162
0.594331066,-0.070656
0.594444444,-0.074155
0.594557823,-0.077657
0.594671202,-0.081162
0.594784580,-0.084672
0.594897959,-0.088186
0.595011338,-0.091703
0.595124717,-0.095225
0.595238095,-0.098750
0.595351474,-0.102280
0.595464853,-0.105815
0.595578231,-0.109353
0.595691610,-0.112895
0.595804989,-0.116443
0.595918367,-0.119994
0.596031746,-0.123551
0.596145125,-0.127111
0.596258503,-0.130677
0.596371882,-0.134247
0.596485261,-0.137821
0.596598639,-0.141401
0.596712018,-0.144985
0.596825397,-0.148574
0.596938776,-0.152168
0.597052154,-0.155767
0.597165533,-0.159371
0.597278912,-0.162979
0.597392290,-0.166593
0.597505669,-0.170212
0.597619048,-0.173835
0.597732426,-0.177464
0.597845805,-0.181097
0.597959184,-0.184736
0.598072562,-0.188379
0.598185941,-0.192027
0.598299320,-0.195680
0.598412698,-0.199338
0.598526077,-0.203000
0.598639456,-0.206667
0.598752834,-0.210339
0.598866213,-0.214015
0.598979592,-0.217696
0.599092971,-0.221382
0.599206349,-0.225071
0.599319728,-0.228766
0.599433107,-0.232465
0.599546485,-0.236168
0.599659864,-0.239875
0.599773243,-0.243587
0.599886621,-0.247303
0.600000000,-0.251022
0.600113379,-0.254747
0.600226757,-0.258475
0.600340136,-0.262207
0.600453515,-0.265942
0.600566893,-0.269682
0.600680272,-0.273426
0.600793651,-0.277173
0.600907029,-0.280923
0.601020408,-0.284677
0.601133787,-0.288434
0.601247166,-0.292194
0.601360544,-0.295957
0.601473923,-0.299723
0.601587302,-0.303492
0.601700680,-0.307263
0.601814059,-0.311036
0.601927438,-0.314812
0.602040816,-0.318590
0.602154195,-0.322370
0.602267574,-0.326151
0.602380952,-0.329934
0.602494331,-0.333718
0.602607710,-0.337503
0.602721088,-0.341289
0.602834467,-0.345076
0.602947846,-0.348864
0.603061224,-0.352651
0.603174603,-0.356439
0.603287982,-0.360226
0.603401361,-0.364012
0.603514739,-0.367798
0.603628118,-0.371583
0.603741497,-0.375366
0.603854875,-0.379148
0.603968254,-0.382928
0.604081633,-0.386706
0.604195011,-0.390481
0.604308390,-0.394253
0.604421769,-0.398023
0.604535147,-0.401789
0.604648526,-0.405551
0.604761905,-0.409309
0.604875283,-0.413063
0.604988662,-0.416812
0.605102041,-0.420556
0.605215420,-0.424295
0.605328798,-0.428028
0.605442177,-0.431754
0.605555556,-0.435475
0.605668934,-0.439188
0.605782313,-0.442895
0.605895692,-0.446594
0.606009070,-0.450285
0.606122449,-0.453967
0.606235828,-0.457642
0.606349206,-0.461307
0.606462585,-0.464963
0.606575964,-0.468610
0.606689342,-0.472246
0.606802721,-0.475872
0.606916100,-0.479488
0.607029478,-0.483092
0.607142857,-0.486685
0.607256236,-0.490265
0.607369615,-0.493834
0.607482993,-0.497390
0.607596372,-0.500933
0.607709751,-0.504462
0.607823129,-0.507977
0.607936508,-0.511478
0.608049887,-0.514965
0.608163265,-0.518436
0.608276644,-0.521891
0.608390023,-0.525331
0.608503401,-0.528754
0.608616780,-0.532160
0.608730159,-0.535549
0.608843537,-0.538921
0.608956916,-0.542274
0.609070295,-0.545610
0.609183673,-0.548926
0.609297052,-0.552222
0.609410431,-0.555500
0.609523810,-0.558757
0.609637188,-0.561993
0.609750567,-0.565208
0.609863946,-0.568401
0.609977324,-0.571573
0.610090703,-0.574722
0.610204082,-0.577848
0.610317460,-0.580951
0.610430839,-0.584030
0.610544218,-0.587084
0.610657596,-0.590114
0.610770975,-0.593119
0.610884354,-0.596098
0.610997732,-0.599051
0.611111111,-0.601978
0.611224490,-0.604877
0.611337868,-0.607750
0.611451247,-0.610595
0.611564626,-0.613411
0.611678005,-0.616199
0.611791383,-0.618958
0.611904762,-0.621688
0.612018141,-0.624388
0.612131519,-0.627058
0.612244898,-0.629697
0.612358277,-0.632305
0.612471655,-0.634881
0.612585034,-0.637426
0.612698413,-0.639938
0.612811791,-0.642418
0.612925170,-0.644864
0.613038549,-0.647277
0.613151927,-0.649656
0.613265306,-0.652000
0.613378685,-0.654310
0.613492063,-0.656584
0.613605442,-0.658823
0.613718821,-0.661026
0.613832200,-0.663191
0.613945578,-0.665321
0.614058957,-0.667413
0.614172336,-0.669467
0.614285714,-0.671483
0.614399093,-0.673460
0.614512472,-0.675399
0.614625850,-0.677298
0.614739229,-0.679157
0.614852608,-0.680975
0.614965986,-0.682754
0.615079365,-0.684490
0.615192744,-0.686186
0.615306122,-0.687840
0.615419501,-0.689451
0.615532880,-0.691019
0.615646259,-0.692545
0.615759637,-0.694027
0.615873016,-0.695465
0.615986395,-0.696859
0.616099773,-0.698208
0.616213152,-0.699512
0.616326531,-0.700771
0.616439909,-0.701984
0.616553288,-0.703152
0.616666667,-0.704272
0.616780045,-0.705346
0.616893424,-0.706374
0.617006803,-0.707353
0.617120181,-0.708285
0.617233560,-0.709168
0.617346939,-0.710003
0.617460317,-0.710789
0.617573696,-0.711526
0.617687075,-0.712213
0.617800454,-0.712850
0.617913832,-0.713437
0.618027211,-0.713974
0.618140590,-0.714459
0.618253968,-0.714894
0.618367347,-0.715277
0.618480726,-0.715608
0.618594104,-0.715888
0.618707483,-0.716115
0.618820862,-0.716289
0.618934240,-0.716411
0.619047619,-0.716479
0.619160998,-0.716494
0.619274376,-0.716456
0.619387755,-0.716363
0.619501134,-0.716217
0.619614512,-0.716016
0.619727891,-0.715760
0.619841270,-0.715450
0.619954649,-0.715084
0.620068027,-0.714664
0.620181406,-0.714187
0.620294785,-0.713656
0.620408163,-0.713068
0.620521542,-0.712425
0.620634921,-0.711726
0.620748299,-0.710970
0.620861678,-0.710158
0.620975057,-0.709290
0.621088435,-0.708365
0.621201814,-0.707383
0.621315193,-0.706344
0.621428571,-0.705248
0.621541950,-0.704094
0.621655329,-0.702884
0.621768707,-0.701616
0.621882086,-0.700290
0.621995465,-0.698907
0.622108844,-0.697466
0.622222222,-0.695967
0.622335601,-0.694411
0.622448980,-0.692797
0.622562358,-0.691124
0.622675737,-0.689394
0.622789116,-0.687605
0.622902494,-0.685759
0.623015873,-0.683854
0.623129252,-0.681891
0.623242630,-0.679871
0.623356009,-0.677792
0.623469388,-0.675655
0.623582766,-0.673460
0.623696145,-0.671207
0.623809524,-0.668896
0.623922902,-0.666527
0.624036281,-0.664100
0.624149660,-0.661616
0.624263039,-0.659073
0.624376417,-0.656473
0.624489796,-0.653815
0.624603175,-0.651099
0.624716553,-0.648326
0.624829932,-0.645495
0.624943311,-0.642608
0.625056689,-0.639663
0.625170068,-0.636660
0.625283447,-0.633601
0.625396825,-0.630485
0.625510204,-0.627312
0.625623583,-0.624083
0.625736961,-0.620798
0.625850340,-0.617456
0.625963719,-0.614058
0.626077098,-0.610604
0.626190476,-0.607095
0.626303855,-0.603530
0.626417234,-0.599909
0.626530612,-0.596234
0.626643991,-0.592503
0.626757370,-0.588718
0.626870748,-0.584879
0.626984127,-0.580985
0.627097506,-0.577037
0.627210884,-0.573035
0.627324263,-0.568979
0.627437642,-0.564871
0.627551020,-0.560709
0.627664399,-0.556494
0.627777778,-0.552228
0.627891156,-0.547909
0.628004535,-0.543538
0.628117914,-0.539115
0.628231293,-0.534642
0.628344671,-0.530117
0.628458050,-0.525542
0.628571429,-0.520916
0.628684807,-0.516241
0.628798186,-0.511516
0.628911565,-0.506741
0.629024943,-0.501918
0.629138322,-0.497046
0.629251701,-0.492126
0.629365079,-0.487158
0.629478458,-0.482142
0.629591837,-0.477080
0.629705215,-0.471971
0.629818594,-0.466815
0.629931973,-0.461614
0.630045351,-0.456367
0.630158730,-0.451076
0.630272109,-0.445740
0.630385488,-0.440359
0.630498866,-0.434936
0.630612245,-0.429469
0.630725624,-0.423959
0.630839002,-0.418407
0.630952381,-0.412814
0.631065760,-0.407180
0.631179138,-0.401504
0.631292517,-0.395789
0.631405896,-0.390034
0.631519274,-0.384240
0.631632653,-0.378407
0.631746032,-0.372536
0.631859410,-0.366628
0.631972789,-0.360683
0.632086168,-0.354702
0.632199546,-0.348685
0.632312925,-0.342633
0.632426304,-0.336546
0.632539683,-0.330426
0.632653061,-0.324272
0.632766440,-0.318086
0.632879819,-0.311868
0.632993197,-0.305618
0.633106576,-0.299337
0.633219955,-0.293027
0.633333333,-0.286687
0.633446712,-0.280318
0.633560091,-0.273921
0.633673469,-0.267497
0.633786848,-0.261045
0.633900227,-0.254567
0.634013605,-0.248064
0.634126984,-0.241536
0.634240363,-0.234983
0.634353741,-0.228407
0.634467120,-0.221809
0.634580499,-0.215188
0.634693878,-0.208545
0.634807256,-0.201882
0.634920635,-0.195199
0.635034014,-0.188496
0.635147392,-0.181775
0.635260771,-0.175035
0.635374150,-0.168279
0.635487528,-0.161505
0.635600907,-0.154716
0.635714286,-0.147912
0.635827664,-0.141093
0.635941043,-0.134260
0.636054422,-0.127415
0.636167800,-0.120556
0.636281179,-0.113687
0.636394558,-0.106806
0.636507937,-0.099915
0.636621315,-0.093015
0.636734694,-0.086105
0.636848073,-0.079188
0.636961451,-0.072263
0.637074830,-0.065332
0.637188209,-0.058395
0.637301587,-0.051453
0.637414966,-0.044506
0.637528345,-0.037555
0.637641723,-0.030602
0.637755102,-0.023646
0.637868481,-0.016688
0.637981859,-0.009731
0.638095238,-0.002772
0.638208617,0.004186
0.638321995,0.011142
0.638435374,0.018096
0.638548753,0.025049
0.638662132,0.031997
0.638775510,0.038941
0.638888889,0.045881
0.639002268,0.052815
0.639115646,0.059743
0.639229025,0.066665
0.639342404,0.073578
0.639455782,0.080483
0.639569161,0.087380
0.639682540,0.094267
0.639795918,0.101144
0.639909297,0.108010
0.640022676,0.114864
0.640136054,0.121706
0.640249433,0.128535
0.640362812,0.135351
0.640476190,0.142152
0.640589569,0.148939
0.640702948,0.155710
0.640816327,0.162465
0.640929705,0.169203
0.641043084,0.175923
0.641156463,0.182627
0.641269841,0.189311
0.641383220,0.195976
0.641496599,0.202621
0.641609977,0.209246
0.641723356,0.215850
0.641836735,0.222432
0.641950113,0.228992
0.642063492,0.235530
0.642176871,0.242044
0.642290249,0.248534
0.642403628,0.254999
0.642517007,0.261440
0.642630385,0.267855
0.642743764,0.274243
0.642857143,0.280605
0.642970522,0.286940
0.643083900,0.293246
0.643197279,0.299524
0.643310658,0.305773
0.643424036,0.311993
0.643537415,0.318182
0.643650794,0.324342
0.643764172,0.330470
0.643877551,0.336566
0.643990930,0.342630
0.644104308,0.348661
0.644217687,0.354659
0.644331066,0.360623
0.644444444,0.366554
0.644557823,0.372449
0.644671202,0.378309
0.644784580,0.384133
0.644897959,0.389921
0.645011338,0.395672
0.645124717,0.401386
0.645238095,0.407063
0.645351474,0.412701
0.645464853,0.418301
0.645578231,0.423863
0.645691610,0.429384
0.645804989,0.434867
0.645918367,0.440309
0.646031746,0.445711
0.646145125,0.451071
0.646258503,0.456391
0.646371882,0.461668
0.646485261,0.466904
0.646598639,0.472097
0.646712018,0.477248
0.646825397,0.482356
0.646938776,0.487421
0.647052154,0.492441
0.647165533,0.497418
0.647278912,0.502351
0.647392290,0.507239
0.647505669,0.512083
0.647619048,0.516881
0.647732426,0.521634
0.647845805,0.526342
0.647959184,0.531003
0.648072562,0.535619
0.648185941,0.540188
0.648299320,0.544710
0.648412698,0.549186
0.648526077,0.553615
0.648639456,0.557996
0.648752834,0.562330
0.648866213,0.566616
0.648979592,0.570854
0.649092971,0.575044
0.649206349,0.579185
0.649319728,0.583277
0.649433107,0.587320
0.649546485,0.591315
0.649659864,0.595260
0.649773243,0.599155
0.649886621,0.603000
0.650000000,0.606796
0.650113379,0.610541
0.650226757,0.614236
0.650340136,0.617881
0.650453515,0.621475
0.650566893,0.625018
0.650680272,0.628510
0.650793651,0.631952
0.650907029,0.635342
0.651020408,0.638681
0.651133787,0.641969
0.651247166,0.645206
0.651360544,0.648392
0.651473923,0.651526
0.651587302,0.654609
0.651700680,0.657640
0.651814059,0.660620
0.651927438,0.663549
0.652040816,0.666426
0.652154195,0.669252
0.652267574,0.672026
0.652380952,0.674749
0.652494331,0.677420
0.652607710,0.680040
0.652721088,0.682609
0.652834467,0.685126
0.652947846,0.687592
0.653061224,0.690008
0.653174603,0.692372
0.653287982,0.694686
0.653401361,0.696948
0.653514739,0.699160
0.653628118,0.701321
0.653741497,0.703431
0.653854875,0.705491
0.653968254,0.707501
0.654081633,0.709460
0.654195011,0.711370
0.654308390,0.713229
0.654421769,0.715039
0.654535147,0.716799
0.654648526,0.718509
0.654761905,0.720169
0.654875283,0.721781
0.654988662,0.723343
0.655102041,0.724855
0.655215420,0.726319
0.655328798,0.727735
0.655442177,0.729101
0.655555556,0.730419
0.655668934,0.731689
0.655782313,0.732910
0.655895692,0.734083
0.656009070,0.735208
0.656122449,0.736286
0.656235828,0.737316
0.656349206,0.738298
0.656462585,0.739233
0.656575964,0.740121
0.656689342,0.740962
0.656802721,0.741756
0.656916100,0.742504
0.657029478,0.743205
0.657142857,0.743860
0.657256236,0.744470
0.657369615,0.745033
0.657482993,0.745551
0.657596372,0.746024
0.657709751,0.746452
0.657823129,0.746835
0.657936508,0.747174
0.658049887,0.747468
0.658163265,0.747718
0.658276644,0.747924
0.658390023,0.748087
0.658503401,0.748207
0.658616780,0.748283
0.658730159,0.748316
0.658843537,0.748307
0.658956916,0.748256
0.659070295,0.748162
0.659183673,0.748026
0.659297052,0.747849
0.659410431,0.747629
0.659523810,0.747369
0.659637188,0.747067
0.659750567,0.746725
0.659863946,0.746342
0.659977324,0.745918
0.660090703,0.745455
0.660204082,0.744952
0.660317460,0.744408
0.660430839,0.743826
0.660544218,0.743204
0.660657596,0.742543
0.660770975,0.741843
0.660884354,0.741105
0.660997732,0.740328
0.661111111,0.739512
0.661224490,0.738659
0.661337868,0.737768
0.661451247,0.736839
0.661564626,0.735873
0.661678005,0.734869
0.661791383,0.733829
0.661904762,0.732752
0.662018141,0.731639
0.662131519,0.730488
0.662244898,0.729302
0.662358277,0.728081
0.662471655,0.726823
0.662585034,0.725530
0.662698413,0.724203
0.662811791,0.722840
0.662925170,0.721444
0.663038549,0.720012
0.663151927,0.718548
0.663265306,0.717049
0.663378685,0.715518
0.663492063,0.713953
0.663605442,0.712356
0.663718821,0.710726
0.663832200,0.709064
0.663945578,0.707370
0.664058957,0.705645
0.664172336,0.703889
0.664285714,0.702102
0.664399093,0.700285
0.664512472,0.698436
0.664625850,0.696559
0.664739229,0.694652
0.664852608,0.692715
0.664965986,0.690751
0.665079365,0.688757
0.665192744,0.686735
0.665306122,0.684686
0.665419501,0.682609
0.665532880,0.680505
0.665646259,0.678374
0.665759637,0.676217
0.665873016,0.674034
0.665986395,0.671825
0.666099773,0.669590
0.666213152,0.667331
0.666326531,0.665046
0.666439909,0.662738
0.666553288,0.660405
0.666666667,0.658048
0.666780045,0.655668
0.666893424,0.653264
0.667006803,0.650838
0.667120181,0.648390
0.667233560,0.645919
0.667346939,0.643426
0.667460317,0.640912
0.667573696,0.638376
0.667687075,0.635820
0.667800454,0.633244
0.667913832,0.630646
0.668027211,0.628029
0.668140590,0.625392
0.668253968,0.622737
0.668367347,0.620061
0.668480726,0.617368
0.668594104,0.614656
0.668707483,0.611926
0.668820862,0.609178
0.668934240,0.606413
0.669047619,0.603631
0.669160998,0.600832
0.669274376,0.598016
0.669387755,0.595185
0.669501134,0.592337
0.669614512,0.589475
0.669727891,0.586596
0.669841270,0.583704
0.669954649,0.580796
0.670068027,0.577874
0.670181406,0.574939
0.670294785,0.571989
0.670408163,0.569026
0.670521542,0.566050
0.670634921,0.563061
0.670748299,0.560059
0.670861678,0.557045
0.670975057,0.554019
0.671088435,0.550982
0.671201814,0.547932
0.671315193,0.544871
0.671428571,0.541799
0.671541950,0.538717
0.671655329,0.535623
0.671768707,0.532519
0.671882086,0.529405
0.671995465,0.526281
0.672108844,0.523147
0.672222222,0.520004
0.672335601,0.516851
0.672448980,0.513688
0.672562358,0.510517
0.672675737,0.507337
0.672789116,0.504147
0.672902494,0.500950
0.673015873,0.497744
0.673129252,0.494529
0.673242630,0.491306
0.673356009,0.488076
0.673469388,0.484837
0.673582766,0.481591
0.673696145,0.478337
0.673809524,0.475076
0.673922902,0.471808
0.674036281,0.468532
0.674149660,0.465250
0.674263039,0.461961
0.674376417,0.458665
0.674489796,0.455362
0.674603175,0.452054
0.674716553,0.448739
0.674829932,0.445419
0.674943311,0.442092
0.675056689,0.438761
0.675170068,0.435424
0.675283447,0.432081
0.675396825,0.428734
0.675510204,0.425382
0.675623583,0.422025
0.675736961,0.418664
0.675850340,0.415298
0.675963719,0.411928
0.676077098,0.408554
0.676190476,0.405176
0.676303855,0.401795
0.676417234,0.398410
0.676530612,0.395021
0.676643991,0.391628
0.676757370,0.388233
0.676870748,0.384834
0.676984127,0.381432
0.677097506,0.378028
0.677210884,0.374620
0.677324263,0.371209
0.677437642,0.367796
0.677551020,0.364380
0.677664399,0.360962
0.677777778,0.357541
0.677891156,0.354118
0.678004535,0.350691
0.678117914,0.347264
0.678231293,0.343833
0.678344671,0.340401
0.678458050,0.336966
0.678571429,0.333529
0.678684807,0.330090
0.678798186,0.326650
0.678911565,0.323207
0.679024943,0.319762
0.679138322,0.316316
0.679251701,0.312868
0.679365079,0.309417
0.679478458,0.305966
0.679591837,0.302512
0.679705215,0.299056
0.679818594,0.295599
0.679931973,0.292140
0.680045351,0.288679
0.680158730,0.285217
0.680272109,0.281753
0.680385488,0.278286
0.680498866,0.274819
0.680612245,0.271350
0.680725624,0.267879
0.680839002,0.264406
0.680952381,0.260932
0.681065760,0.257456
0.681179138,0.253979
0.681292517,0.250500
0.681405896,0.247019
0.681519274,0.243537
0.681632653,0.240052
0.681746032,0.236567
0.681859410,0.233079
0.681972789,0.229590
0.682086168,0.226099
0.682199546,0.222606
0.682312925,0.219112
0.682426304,0.215615
0.682539683,0.212117
0.682653061,0.208616
0.682766440,0.205114
0.682879819,0.201609
0.682993197,0.198103
0.683106576,0.194595
0.683219955,0.191084
0.683333333,0.187571
0.683446712,0.184056
0.683560091,0.180538
0.683673469,0.177018
0.683786848,0.173495
0.683900227,0.169970
0.684013605,0.166441
0.684126984,0.162910
0.684240363,0.159376
0.684353741,0.155839
0.684467120,0.152299
0.684580499,0.148756
0.684693878,0.145209
0.684807256,0.141660
0.684920635,0.138107
0.685034014,0.134550
0.685147392,0.130991
0.685260771,0.127428
0.685374150,0.123862
0.685487528,0.120291
0.685600907,0.116718
0.685714286,0.113141
0.685827664,0.109560
0.685941043,0.105976
0.686054422,0.102388
0.686167800,0.098796
0.686281179,0.095201
0.686394558,0.091602
0.686507937,0.087998
0.686621315,0.084392
0.686734694,0.080782
0.686848073,0.077168
0.686961451,0.073550
0.687074830,0.069929
0.687188209,0.066304
0.687301587,0.062675
0.687414966,0.059042
0.687528345,0.055406
0.687641723,0.051766
0.687755102,0.048122
0.687868481,0.044475
0.687981859,0.040824
0.688095238,0.037170
0.688208617,0.033512
0.688321995,0.029850
0.688435374,0.026185
0.688548753,0.022516
0.688662132,0.018845
0.688775510,0.015169
0.688888889,0.011490
0.689002268,0.007808
0.689115646,0.004122
0.689229025,0.000433
0.689342404,-0.003260
0.689455782,-0.006955
0.689569161,-0.010654
0.689682540,-0.014357
0.689795918,-0.018062
0.689909297,-0.021771
0.690022676,-0.025484
0.690136054,-0.029199
0.690249433,-0.032917
0.690362812,-0.036639
0.690476190,-0.040364
0.690589569,-0.044092
0.690702948,-0.047822
0.690816327,-0.051556
0.690929705,-0.055292
0.691043084,-0.059031
0.691156463,-0.062773
0.691269841,-0.066518
0.691383220,-0.070265
0.691496599,-0.074015
0.691609977,-0.077768
0.691723356,-0.081523
0.691836735,-0.085281
0.691950113,-0.089040
0.692063492,-0.092802
0.692176871,-0.096567
0.692290249,-0.100333
0.692403628,-0.104102
0.692517007,-0.107872
0.692630385,-0.111644
0.692743764,-0.115418
0.692857143,-0.119194
0.692970522,-0.122970
0.693083900,-0.126749
0.693197279,-0.130528
0.693310658,-0.134309
0.693424036,-0.138091
0.693537415,-0.141873
0.693650794,-0.145657
0.693764172,-0.149441
0.693877551,-0.153226
0.693990930,-0.157011
0.694104308,-0.160797
0.694217687,-0.164583
0.694331066,-0.168369
0.694444444,-0.172156
0.694557823,-0.175942
0.694671202,-0.179728
0.694784580,-0.183514
0.694897959,-0.187299
0.695011338,-0.191085
0.695124717,-0.194870
0.695238095,-0.198654
0.695351474,-0.202438
0.695464853,-0.206220
0.695578231,-0.210002
0.695691610,-0.213783
0.695804989,-0.217563
0.695918367,-0.221341
0.696031746,-0.225119
0.696145125,-0.228895
0.696258503,-0.232669
0.696371882,-0.236442
0.696485261,-0.240213
0.696598639,-0.243983
0.696712018,-0.247750
0.696825397,-0.251516
0.696938776,-0.255279
0.697052154,-0.259039
0.697165533,-0.262797
0.697278912,-0.266553
0.697392290,-0.270305
0.697505669,-0.274055
0.697619048,-0.277801
0.697732426,-0.281544
0.697845805,-0.285283
0.697959184,-0.289018
0.698072562,-0.292749
0.698185941,-0.296476
0.698299320,-0.300198
0.698412698,-0.303916
0.698526077,-0.307629
0.698639456,-0.311336
0.698752834,-0.315039
0.698866213,-0.318736
0.698979592,-0.322427
0.699092971,-0.326111
0.699206349,-0.329790
0.699319728,-0.333462
0.699433107,-0.337127
0.699546485,-0.340785
0.699659864,-0.344436
0.699773243,-0.348080
0.699886621,-0.351715
0.700000000,-0.355343
0.700113379,-0.358961
0.700226757,-0.362571
0.700340136,-0.366172
0.700453515,-0.369764
0.700566893,-0.373345
0.700680272,-0.376917
0.700793651,-0.380478
0.700907029,-0.384028
0.701020408,-0.387568
0.701133787,-0.391096
0.701247166,-0.394613
0.701360544,-0.398118
0.701473923,-0.401610
0.701587302,-0.405090
0.701700680,-0.408558
0.701814059,-0.412011
0.701927438,-0.415452
0.702040816,-0.418878
0.702154195,-0.422290
0.702267574,-0.425687
0.702380952,-0.429070
0.702494331,-0.432437
0.702607710,-0.435788
0.702721088,-0.439123
0.702834467,-0.442441
0.702947846,-0.445742
0.703061224,-0.449027
0.703174603,-0.452293
0.703287982,-0.455541
0.703401361,-0.458771
0.703514739,-0.461982
0.703628118,-0.465174
0.703741497,-0.468346
0.703854875,-0.471498
0.703968254,-0.474630
0.704081633,-0.477741
0.704195011,-0.480830
0.704308390,-0.483898
0.704421769,-0.486944
0.704535147,-0.489967
0.704648526,-0.492968
0.704761905,-0.495944
0.704875283,-0.498898
0.704988662,-0.501826
0.705102041,-0.504731
0.705215420,-0.507610
0.705328798,-0.510464
0.705442177,-0.513291
0.705555556,-0.516093
0.705668934,-0.518867
0.705782313,-0.521615
0.705895692,-0.524335
0.706009070,-0.527027
0.706122449,-0.529690
0.706235828,-0.532325
0.706349206,-0.534931
0.706462585,-0.537507
0.706575964,-0.540052
0.706689342,-0.542567
0.706802721,-0.545052
0.706916100,-0.547504
0.707029478,-0.549925
0.707142857,-0.552314
0.707256236,-0.554670
0.707369615,-0.556992
0.707482993,-0.559281
0.707596372,-0.561536
0.707709751,-0.563756
0.707823129,-0.565940
0.707936508,-0.568090
0.708049887,-0.570203
0.708163265,-0.572280
0.708276644,-0.574320
0.708390023,-0.576322
0.708503401,-0.578287
0.708616780,-0.580214
0.708730159,-0.582101
0.708843537,-0.583950
0.708956916,-0.585759
0.709070295,-0.587528
0.709183673,-0.589257
0.709297052,-0.590944
0.709410431,-0.592590
0.709523810,-0.594195
0.709637188,-0.595756
0.709750567,-0.597275
0.709863946,-0.598751
0.709977324,-0.600182
0.710090703,-0.601570
0.710204082,-0.602913
0.710317460,-0.604211
0.710430839,-0.605464
0.710544218,-0.606671
0.710657596,-0.607832
0.710770975,-0.608946
0.710884354,-0.610013
0.710997732,-0.611033
0.711111111,-0.612005
0.711224490,-0.612929
0.711337868,-0.613804
0.711451247,-0.614630
0.711564626,-0.615408
0.711678005,-0.616135
0.711791383,-0.616813
0.711904762,-0.617440
0.712018141,-0.618016
0.712131519,-0.618541
0.712244898,-0.619014
0.712358277,-0.619436
0.712471655,-0.619805
0.712585034,-0.620122
0.712698413,-0.620386
0.712811791,-0.620596
0.712925170,-0.620753
0.713038549,-0.620856
0.713151927,-0.620905
0.713265306,-0.620900
0.713378685,-0.620839
0.713492063,-0.620724
0.713605442,-0.620553
0.713718821,-0.620326
0.713832200,-0.620043
0.713945578,-0.619704
0.714058957,-0.619308
0.714172336,-0.618855
0.714285714,-0.618345
0.714399093,-0.617777
0.714512472,-0.617151
0.714625850,-0.616468
0.714739229,-0.615725
0.714852608,-0.614925
0.714965986,-0.614065
0.715079365,-0.613146
0.715192744,-0.612169
0.715306122,-0.611132
0.715419501,-0.610035
0.715532880,-0.608879
0.715646259,-0.607662
0.715759637,-0.606386
0.715873016,-0.605050
0.715986395,-0.603654
0.716099773,-0.602197
0.716213152,-0.600680
0.716326531,-0.599102
0.716439909,-0.597463
0.716553288,-0.595764
0.716666667,-0.594004
0.716780045,-0.592184
0.716893424,-0.590302
0.717006803,-0.588360
0.717120181,-0.586356
0.717233560,-0.584292
0.717346939,-0.582167
0.717460317,-0.579980
0.717573696,-0.577733
0.717687075,-0.575425
0.717800454,-0.573056
0.717913832,-0.570626
0.718027211,-0.568135
0.718140590,-0.565584
0.718253968,-0.562972
0.718367347,-0.560299
0.718480726,-0.557566
0.718594104,-0.554773
0.718707483,-0.551919
0.718820862,-0.549006
0.718934240,-0.546032
0.719047619,-0.542999
0.719160998,-0.539905
0.719274376,-0.536753
0.719387755,-0.533540
0.719501134,-0.530268
0.719614512,-0.526937
0.719727891,-0.523547
0.719841270,-0.520098
0.719954649,-0.516590
0.720068027,-0.513024
0.720181406,-0.509399
0.720294785,-0.505717
0.720408163,-0.501977
0.720521542,-0.498180
0.720634921,-0.494325
0.720748299,-0.490414
0.720861678,-0.486447
0.720975057,-0.482423
0.721088435,-0.478343
0.721201814,-0.474208
0.721315193,-0.470018
0.721428571,-0.465773
0.721541950,-0.461473
0.721655329,-0.457119
0.721768707,-0.452712
0.721882086,-0.448251
0.721995465,-0.443737
0.722108844,-0.439170
0.722222222,-0.434551
0.722335601,-0.429880
0.722448980,-0.425158
0.722562358,-0.420385
0.722675737,-0.415561
0.722789116,-0.410687
0.722902494,-0.405763
0.723015873,-0.400790
0.723129252,-0.395768
0.723242630,-0.390698
0.723356009,-0.385580
0.723469388,-0.380414
0.723582766,-0.375202
0.723696145,-0.369944
0.723809524,-0.364639
0.723922902,-0.359289
0.724036281,-0.353895
0.724149660,-0.348456
0.724263039,-0.342973
0.724376417,-0.337448
0.724489796,-0.331879
0.724603175,-0.326269
0.724716553,-0.320617
0.724829932,-0.314924
0.724943311,-0.309191
0.725056689,-0.303418
0.725170068,-0.297605
0.725283447,-0.291755
0.725396825,-0.285866
0.725510204,-0.279940
0.725623583,-0.273977
0.725736961,-0.267978
0.725850340,-0.261943
0.725963719,-0.255873
0.726077098,-0.249768
0.726190476,-0.243631
0.726303855,-0.237459
0.726417234,-0.231256
0.726530612,-0.225020
0.726643991,-0.218753
0.726757370,-0.212456
0.726870748,-0.206129
0.726984127,-0.199772
0.727097506,-0.193386
0.727210884,-0.186973
0.727324263,-0.180533
0.727437642,-0.174066
0.727551020,-0.167572
0.727664399,-0.161054
0.727777778,-0.154511
0.727891156,-0.147944
0.728004535,-0.141354
0.728117914,-0.134742
0.728231293,-0.128108
0.728344671,-0.121452
0.728458050,-0.114776
0.728571429,-0.108081
0.728684807,-0.101367
0.728798186,-0.094635
0.728911565,-0.087884
0.729024943,-0.081118
0.729138322,-0.074335
0.729251701,-0.067537
0.729365079,-0.060724
0.729478458,-0.053897
0.729591837,-0.047057
0.729705215,-0.040205
0.729818594,-0.033340
0.729931973,-0.026465
0.730045351,-0.019579
0.730158730,-0.012683
0.730272109,-0.005779
0.730385488,0.001134
0.730498866,0.008054
0.730612245,0.014981
0.730725624,0.021914
0.730839002,0.028853
0.730952381,0.035796
0.731065760,0.042744
0.731179138,0.049695
0.731292517,0.056649
0.731405896,0.063605
0.731519274,0.070563
0.731632653,0.077521
0.731746032,0.084480
0.731859410,0.091437
0.731972789,0.098394
0.732086168,0.105348
0.732199546,0.112299
0.732312925,0.119247
0.732426304,0.126191
0.732539683,0.133129
0.732653061,0.140062
0.732766440,0.146988
0.732879819,0.153907
0.732993197,0.160818
0.733106576,0.167720
0.733219955,0.174613
0.733333333,0.181496
0.733446712,0.188367
0.733560091,0.195228
0.733673469,0.202076
0.733786848,0.208912
0.733900227,0.215733
0.734013605,0.222541
0.734126984,0.229333
0.734240363,0.236110
0.734353741,0.242871
0.734467120,0.249615
0.734580499,0.256341
0.734693878,0.263048
0.734807256,0.269737
0.734920635,0.276406
0.735034014,0.283055
0.735147392,0.289683
0.735260771,0.296289
0.735374150,0.302872
0.735487528,0.309433
0.735600907,0.315971
0.735714286,0.322484
0.735827664,0.328972
0.735941043,0.335435
0.736054422,0.341873
0.736167800,0.348283
0.736281179,0.354666
0.736394558,0.361021
0.736507937,0.367348
0.736621315,0.373646
0.736734694,0.379915
0.736848073,0.386153
0.736961451,0.392360
0.737074830,0.398537
0.737188209,0.404682
0.737301587,0.410794
0.737414966,0.416874
0.737528345,0.422920
0.737641723,0.428933
0.737755102,0.434912
0.737868481,0.440856
0.737981859,0.446766
0.738095238,0.452639
0.738208617,0.458476
0.738321995,0.464277
0.738435374,0.470040
0.738548753,0.475766
0.738662132,0.481455
0.738775510,0.487104
0.738888889,0.492716
0.739002268,0.498287
0.739115646,0.503820
0.739229025,0.509312
0.739342404,0.514763
0.739455782,0.520174
0.739569161,0.525543
0.739682540,0.530870
0.739795918,0.536156
0.739909297,0.541399
0.740022676,0.546598
0.740136054,0.551754
0.740249433,0.556866
0.740362812,0.561934
0.740476190,0.566957
0.740589569,0.571934
0.740702948,0.576867
0.740816327,0.581754
0.740929705,0.586595
0.741043084,0.591389
0.741156463,0.596137
0.741269841,0.600837
0.741383220,0.605489
0.741496599,0.610095
0.741609977,0.614652
0.741723356,0.619160
0.741836735,0.623620
0.741950113,0.628031
0.742063492,0.632393
0.742176871,0.636705
0.742290249,0.640967
0.742403628,0.645179
0.742517007,0.649341
0.742630385,0.653452
0.742743764,0.657512
0.742857143,0.661522
0.742970522,0.665479
0.743083900,0.669386
0.743197279,0.673240
0.743310658,0.677043
0.743424036,0.680793
0.743537415,0.684491
0.743650794,0.688137
0.743764172,0.691729
0.743877551,0.695269
0.743990930,0.698755
0.744104308,0.702187
0.744217687,0.705567
0.744331066,0.708892
0.744444444,0.712163
0.744557823,0.715380
0.744671202,0.718542
0.744784580,0.721650
0.744897959,0.724702
0.745011338,0.727700
0.745124717,0.730643
0.745238095,0.733530
0.745351474,0.736362
0.745464853,0.739137
0.745578231,0.741858
0.745691610,0.744522
0.745804989,0.747130
0.745918367,0.749682
0.746031746,0.752178
0.746145125,0.754617
0.746258503,0.757001
0.746371882,0.759327
0.746485261,0.761597
0.746598639,0.763811
0.746712018,0.765968
0.746825397,0.768068
0.746938776,0.770111
0.747052154,0.772098
0.747165533,0.774028
0.747278912,0.775901
0.747392290,0.777717
0.747505669,0.779477
0.747619048,0.781181
0.747732426,0.782827
0.747845805,0.784417
0.747959184,0.785951
0.748072562,0.787428
0.748185941,0.788849
0.748299320,0.790214
0.748412698,0.791522
0.748526077,0.792775
0.748639456,0.793971
0.748752834,0.795111
0.748866213,0.796195
0.748979592,0.797224
0.749092971,0.798196
0.749206349,0.799114
0.749319728,0.799976
0.749433107,0.800782
0.749546485,0.801533
0.749659864,0.802229
0.749773243,0.802871
0.749886621,0.803458
0.750000000,0.803990
0.750113379,0.804467
0.750226757,0.804891
0.750340136,0.805260
0.750453515,0.805575
0.750566893,0.805836
0.750680272,0.806044
0.750793651,0.806198
0.750907029,0.806299
0.751020408,0.806347
0.751133787,0.806342
0.751247166,0.806284
0.751360544,0.806174
0.751473923,0.806012
0.751587302,0.805797
0.751700680,0.805531
0.751814059,0.805213
0.751927438,0.804844
0.752040816,0.804425
0.752154195,0.803954
0.752267574,0.803433
0.752380952,0.802862
0.752494331,0.802240
0.752607710,0.801570
0.752721088,0.800849
0.752834467,0.800080
0.752947846,0.799262
0.753061224,0.798395
0.753174603,0.797480
0.753287982,0.796517
0.753401361,0.795507
0.753514739,0.794449
0.753628118,0.793344
0.753741497,0.792193
0.753854875,0.790995
0.753968254,0.789751
0.754081633,0.788461
0.754195011,0.787127
0.754308390,0.785747
0.754421769,0.784322
0.754535147,0.782853
0.754648526,0.781340
0.754761905,0.779784
0.754875283,0.778184
0.754988662,0.776541
0.755102041,0.774856
0.755215420,0.773129
0.755328798,0.771359
0.755442177,0.769549
0.755555556,0.767696
0.755668934,0.765803
0.755782313,0.763869
0.755895692,0.761895
0.756009070,0.759881
0.756122449,0.757827
0.756235828,0.755733
0.756349206,0.753601
0.756462585,0.751429
0.756575964,0.749219
0.756689342,0.746971
0.756802721,0.744686
0.756916100,0.742363
0.757029478,0.740002
0.757142857,0.737606
0.757256236,0.735173
0.757369615,0.732704
0.757482993,0.730200
0.757596372,0.727660
0.757709751,0.725085
0.757823129,0.722476
0.757936508,0.719834
0.758049887,0.717157
0.758163265,0.714447
0.758276644,0.711704
0.758390023,0.708928
0.758503401,0.706120
0.758616780,0.703281
0.758730159,0.700410
0.758843537,0.697508
0.758956916,0.694575
0.759070295,0.691612
0.759183673,0.688619
0.759297052,0.685597
0.759410431,0.682545
0.759523810,0.679465
0.759637188,0.676357
0.759750567,0.673221
0.759863946,0.670058
0.759977324,0.666869
0.760090703,0.663652
0.760204082,0.660410
0.760317460,0.657142
0.760430839,0.653848
0.760544218,0.650530
0.760657596,0.647188
0.760770975,0.643822
0.760884354,0.640432
0.760997732,0.637020
0.761111111,0.633584
0.761224490,0.630126
0.761337868,0.626646
0.761451247,0.623145
0.761564626,0.619622
0.761678005,0.616079
0.761791383,0.612516
0.761904762,0.608932
0.762018141,0.605330
0.762131519,0.601708
0.762244898,0.598067
0.762358277,0.594408
0.762471655,0.590730
0.762585034,0.587036
0.762698413,0.583324
0.762811791,0.579595
0.762925170,0.575850
0.763038549,0.572088
0.763151927,0.568311
0.763265306,0.564519
0.763378685,0.560712
0.763492063,0.556889
0.763605442,0.553053
0.763718821,0.549203
0.763832200,0.545339
0.763945578,0.541461
0.764058957,0.537571
0.764172336,0.533668
0.764285714,0.529754
0.764399093,0.525827
0.764512472,0.521888
0.764625850,0.517938
0.764739229,0.513977
0.764852608,0.510005
0.764965986,0.506023
0.765079365,0.502032
0.765192744,0.498030
0.765306122,0.494018
0.765419501,0.489998
0.765532880,0.485969
0.765646259,0.481930
0.765759637,0.477884
0.765873016,0.473830
0.765986395,0.469767
0.766099773,0.465697
0.766213152,0.461619
0.766326531,0.457534
0.766439909,0.453442
0.766553288,0.449343
0.766666667,0.445238
0.766780045,0.441126
0.766893424,0.437008
0.767006803,0.432884
0.767120181,0.428754
0.767233560,0.424618
0.767346939,0.420477
0.767460317,0.416331
0.767573696,0.412179
0.767687075,0.408023
0.767800454,0.403862
0.767913832,0.399696
0.768027211,0.395525
0.768140590,0.391349
0.768253968,0.387170
0.768367347,0.382986
0.768480726,0.378798
0.768594104,0.374607
0.768707483,0.370411
0.768820862,0.366212
0.768934240,0.362009
0.769047619,0.357804
0.769160998,0.353594
0.769274376,0.349382
0.769387755,0.345167
0.769501134,0.340950
0.769614512,0.336730
0.769727891,0.332507
0.769841270,0.328282
0.769954649,0.324055
0.770068027,0.319825
0.770181406,0.315593
0.770294785,0.311361
0.770408163,0.307125
0.770521542,0.302889
0.770634921,0.298651
0.770748299,0.294412
0.770861678,0.290171
0.770975057,0.285929
0.771088435,0.281687
0.771201814,0.277443
0.771315193,0.273199
0.771428571,0.268954
0.771541950,0.264708
0.771655329,0.260461
0.771768707,0.256215
0.771882086,0.251968
0.771995465,0.247721
0.772108844,0.243474
0.772222222,0.239227
0.772335601,0.234980
0.772448980,0.230734
0.772562358,0.226487
0.772675737,0.222242
0.772789116,0.217997
0.772902494,0.213753
0.773015873,0.209509
0.773129252,0.205266
0.773242630,0.201024
0.773356009,0.196784
0.773469388,0.192544
0.773582766,0.188306
0.773696145,0.184070
0.773809524,0.179834
0.773922902,0.175601
0.774036281,0.171369
0.774149660,0.167139
0.774263039,0.162910
0.774376417,0.158684
0.774489796,0.154460
0.774603175,0.150238
0.774716553,0.146018
0.774829932,0.141801
0.774943311,0.137586
0.775056689,0.133374
0.775170068,0.129164
0.775283447,0.124958
0.775396825,0.120753
0.775510204,0.116552
0.775623583,0.112354
0.775736961,0.108159
0.775850340,0.103968
0.775963719,0.099779
0.776077098,0.095594
0.776190476,0.091411
0.776303855,0.087233
0.776417234,0.083057
0.776530612,0.078886
0.776643991,0.074718
0.776757370,0.070553
0.776870748,0.066392
0.776984127,0.062234
0.777097506,0.058081
0.777210884,0.053931
0.777324263,0.049784
0.777437642,0.045642
0.777551020,0.041502
0.777664399,0.037367
0.777777778,0.033236
0.777891156,0.029107
0.778004535,0.024983
0.778117914,0.020862
0.778231293,0.016745
0.778344671,0.012631
0.778458050,0.008521
0.778571429,0.004414
0.778684807,0.000311
0.778798186,-0.003789
0.778911565,-0.007885
0.779024943,-0.011978
0.779138322,-0.016068
0.779251701,-0.020154
0.779365079,-0.024238
0.779478458,-0.028318
0.779591837,-0.032395
0.779705215,-0.036469
0.779818594,-0.040539
0.779931973,-0.044607
0.780045351,-0.048671
0.780158730,-0.052733
0.780272109,-0.056792
0.780385488,-0.060848
0.780498866,-0.064901
0.780612245,-0.068951
0.780725624,-0.072999
0.780839002,-0.077044
0.780952381,-0.081086
0.781065760,-0.085126
0.781179138,-0.089163
0.781292517,-0.093198
0.781405896,-0.097230
0.781519274,-0.101260
0.781632653,-0.105288
0.781746032,-0.109314
0.781859410,-0.113338
0.781972789,-0.117359
0.782086168,-0.121379
0.782199546,-0.125397
0.782312925,-0.129413
0.782426304,-0.133427
0.782539683,-0.137439
0.782653061,-0.141450
0.782766440,-0.145459
0.782879819,-0.149467
0.782993197,-0.153473
0.783106576,-0.157478
0.783219955,-0.161483
0.783333333,-0.165486
0.783446712,-0.169488
0.783560091,-0.173489
0.783673469,-0.177489
0.783786848,-0.181489
0.783900227,-0.185487
0.784013605,-0.189485
0.784126984,-0.193483
0.784240363,-0.197480
0.784353741,-0.201475
0.784467120,-0.205471
0.784580499,-0.209467
0.784693878,-0.213461
0.784807256,-0.217455
0.784920635,-0.221449
0.785034014,-0.225443
0.785147392,-0.229436
0.785260771,-0.233429
0.785374150,-0.237422
0.785487528,-0.241414
0.785600907,-0.245406
0.785714286,-0.249398
0.785827664,-0.253390
0.785941043,-0.257381
0.786054422,-0.261373
0.786167800,-0.265364
0.786281179,-0.269355
0.786394558,-0.273346
0.786507937,-0.277337
0.786621315,-0.281327
0.786734694,-0.285318
0.786848073,-0.289309
0.786961451,-0.293300
0.787074830,-0.297291
0.787188209,-0.301281
0.787301587,-0.305272
0.787414966,-0.309263
0.787528345,-0.313254
0.787641723,-0.317245
0.787755102,-0.321236
0.787868481,-0.325227
0.787981859,-0.329218
0.788095238,-0.333208
0.788208617,-0.337199
0.788321995,-0.341190
0.788435374,-0.345180
0.788548753,-0.349171
0.788662132,-0.353161
0.788775510,-0.357151
0.788888889,-0.361140
0.789002268,-0.365130
0.789115646,-0.369118
0.789229025,-0.373107
0.789342404,-0.377095
0.789455782,-0.381082
0.789569161,-0.385069
0.789682540,-0.389055
0.789795918,-0.393040
0.789909297,-0.397024
0.790022676,-0.401007
0.790136054,-0.404989
0.790249433,-0.408970
0.790362812,-0.412949
0.790476190,-0.416928
0.790589569,-0.420904
0.790702948,-0.424879
0.790816327,-0.428852
0.790929705,-0.432823
0.791043084,-0.436792
0.791156463,-0.440760
0.791269841,-0.444724
0.791383220,-0.448686
0.791496599,-0.452646
0.791609977,-0.456603
0.791723356,-0.460557
0.791836735,-0.464508
0.791950113,-0.468455
0.792063492,-0.472399
0.792176871,-0.476339
0.792290249,-0.480275
0.792403628,-0.484208
0.792517007,-0.488135
0.792630385,-0.492058
0.792743764,-0.495977
0.792857143,-0.499890
0.792970522,-0.503798
0.793083900,-0.507701
0.793197279,-0.511598
0.793310658,-0.515489
0.793424036,-0.519374
0.793537415,-0.523253
0.793650794,-0.527125
0.793764172,-0.530990
0.793877551,-0.534848
0.793990930,-0.538698
0.794104308,-0.542541
0.794217687,-0.546376
0.794331066,-0.550202
0.794444444,-0.554020
0.794557823,-0.557830
0.794671202,-0.561630
0.794784580,-0.565422
0.794897959,-0.569203
0.795011338,-0.572975
0.795124717,-0.576737
0.795238095,-0.580488
0.795351474,-0.584229
0.795464853,-0.587958
0.795578231,-0.591677
0.795691610,-0.595383
0.795804989,-0.599078
0.795918367,-0.602760
0.796031746,-0.606429
0.796145125,-0.610086
0.796258503,-0.613729
0.796371882,-0.617358
0.796485261,-0.620973
0.796598639,-0.624573
0.796712018,-0.628159
0.796825397,-0.631729
0.796938776,-0.635284
0.797052154,-0.638823
0.797165533,-0.642346
0.797278912,-0.645851
0.797392290,-0.649340
0.797505669,-0.652811
0.797619048,-0.656264
0.797732426,-0.659698
0.797845805,-0.663114
0.797959184,-0.666511
0.798072562,-0.669888
0.798185941,-0.673245
0.798299320,-0.676581
0.798412698,-0.679897
0.798526077,-0.683191
0.798639456,-0.686464
0.798752834,-0.689714
0.798866213,-0.692941
0.798979592,-0.696146
0.799092971,-0.699327
0.799206349,-0.702484
0.799319728,-0.705617
0.799433107,-0.708724
0.799546485,-0.711807
0.799659864,-0.714864
0.799773243,-0.717895
0.799886621,-0.720899
0.800000000,-0.723876
0.800113379,-0.726825
0.800226757,-0.729747
0.800340136,-0.732640
0.800453515,-0.735505
0.800566893,-0.738340
0.800680272,-0.741145
0.800793651,-0.743920
0.800907029,-0.746665
0.801020408,-0.749379
0.801133787,-0.752060
0.801247166,-0.754710
0.801360544,-0.757328
0.801473923,-0.759913
0.801587302,-0.762464
0.801700680,-0.764981
0.801814059,-0.767465
0.801927438,-0.769913
0.802040816,-0.772326
0.802154195,-0.774704
0.802267574,-0.777046
0.802380952,-0.779351
0.802494331,-0.781619
0.802607710,-0.783850
0.802721088,-0.786043
0.802834467,-0.788197
0.802947846,-0.790313
0.803061224,-0.792390
0.803174603,-0.794427
0.803287982,-0.796424
0.803401361,-0.798381
0.803514739,-0.800297
0.803628118,-0.802172
0.803741497,-0.804005
0.803854875,-0.805796
0.803968254,-0.807544
0.804081633,-0.809250
0.804195011,-0.810912
0.804308390,-0.812531
0.804421769,-0.814105
0.804535147,-0.815636
0.804648526,-0.817121
0.804761905,-0.818561
0.804875283,-0.819956
0.804988662,-0.821305
0.805102041,-0.822608
0.805215420,-0.823864
0.805328798,-0.825073
0.805442177,-0.826235
0.805555556,-0.827349
0.805668934,-0.828416
0.805782313,-0.829434
0.805895692,-0.830404
0.806009070,-0.831324
0.806122449,-0.832196
0.806235828,-0.833018
0.806349206,-0.833791
0.806462585,-0.834513
0.806575964,-0.835186
0.806689342,-0.835808
0.806802721,-0.836378
0.806916100,-0.836898
0.807029478,-0.837367
0.807142857,-0.837784
0.807256236,-0.838149
0.807369615,-0.838463
0.807482993,-0.838724
0.807596372,-0.838932
0.807709751,-0.839087
0.807823129,-0.839190
0.807936508,-0.839239
0.808049887,-0.839234
0.808163265,-0.839176
0.808276644,-0.839064
0.808390023,-0.838897
0.808503401,-0.838675
0.808616780,-0.838399
0.808730159,-0.838068
0.808843537,-0.837682
0.808956916,-0.837240
0.809070295,-0.836743
0.809183673,-0.836190
0.809297052,-0.835580
0.809410431,-0.834915
0.809523810,-0.834193
0.809637188,-0.833415
0.809750567,-0.832581
0.809863946,-0.831689
0.809977324,-0.830741
0.810090703,-0.829735
0.810204082,-0.828673
0.810317460,-0.827553
0.810430839,-0.826375
0.810544218,-0.825140
0.810657596,-0.823848
0.810770975,-0.822498
0.810884354,-0.821090
0.810997732,-0.819624
0.811111111,-0.818101
0.811224490,-0.816519
0.811337868,-0.814880
0.811451247,-0.813182
0.811564626,-0.811427
0.811678005,-0.809613
0.811791383,-0.807741
0.811904762,-0.805811
0.812018141,-0.803823
0.812131519,-0.801777
0.812244898,-0.799673
0.812358277,-0.797510
0.812471655,-0.795290
0.812585034,-0.793012
0.812698413,-0.790675
0.812811791,-0.788281
0.812925170,-0.785829
0.813038549,-0.783318
0.813151927,-0.780750
0.813265306,-0.778125
0.813378685,-0.775442
0.813492063,-0.772701
0.813605442,-0.769903
0.813718821,-0.767047
0.813832200,-0.764135
0.813945578,-0.761165
0.814058957,-0.758139
0.814172336,-0.755055
0.814285714,-0.751915
0.814399093,-0.748719
0.814512472,-0.745466
0.814625850,-0.742157
0.814739229,-0.738793
0.814852608,-0.735372
0.814965986,-0.731896
0.815079365,-0.728365
0.815192744,-0.724778
0.815306122,-0.721137
0.815419501,-0.717441
0.815532880,-0.713690
0.815646259,-0.709885
0.815759637,-0.706026
0.815873016,-0.702113
0.815986395,-0.698148
0.816099773,-0.694128
0.816213152,-0.690057
0.816326531,-0.685933
0.816439909,-0.681756
0.816553288,-0.677528
0.816666667,-0.673249
0.816780045,-0.668918
0.816893424,-0.664537
0.817006803,-0.660105
0.817120181,-0.655624
0.817233560,-0.651093
0.817346939,-0.646512
0.817460317,-0.641883
0.817573696,-0.637205
0.817687075,-0.632479
0.817800454,-0.627706
0.817913832,-0.622885
0.818027211,-0.618018
0.818140590,-0.613104
0.818253968,-0.608145
0.818367347,-0.603140
0.818480726,-0.598090
0.818594104,-0.592996
0.818707483,-0.587858
0.818820862,-0.582677
0.818934240,-0.577452
0.819047619,-0.572185
0.819160998,-0.566877
0.819274376,-0.561527
0.819387755,-0.556135
0.819501134,-0.550704
0.819614512,-0.545233
0.819727891,-0.539723
0.819841270,-0.534173
0.819954649,-0.528586
0.820068027,-0.522960
0.820181406,-0.517298
0.820294785,-0.511599
0.820408163,-0.505864
0.820521542,-0.500093
0.820634921,-0.494287
0.820748299,-0.488447
0.820861678,-0.482573
0.820975057,-0.476666
0.821088435,-0.470726
0.821201814,-0.464755
0.821315193,-0.458752
0.821428571,-0.452718
0.821541950,-0.446654
0.821655329,-0.440560
0.821768707,-0.434437
0.821882086,-0.428286
0.821995465,-0.422107
0.822108844,-0.415901
0.822222222,-0.409669
0.822335601,-0.403411
0.822448980,-0.397128
0.822562358,-0.390820
0.822675737,-0.384487
0.822789116,-0.378132
0.822902494,-0.371754
0.823015873,-0.365354
0.823129252,-0.358932
0.823242630,-0.352489
0.823356009,-0.346027
0.823469388,-0.339544
0.823582766,-0.333043
0.823696145,-0.326523
0.823809524,-0.319985
0.823922902,-0.313431
0.824036281,-0.306859
0.824149660,-0.300272
0.824263039,-0.293670
0.824376417,-0.287053
0.824489796,-0.280422
0.824603175,-0.273778
0.824716553,-0.267121
0.824829932,-0.260451
0.824943311,-0.253770
0.825056689,-0.247077
0.825170068,-0.240375
0.825283447,-0.233662
0.825396825,-0.226940
0.825510204,-0.220209
0.825623583,-0.213470
0.825736961,-0.206724
0.825850340,-0.199971
0.825963719,-0.193212
0.826077098,-0.186446
0.826190476,-0.179676
0.826303855,-0.172901
0.826417234,-0.166122
0.826530612,-0.159341
0.826643991,-0.152556
0.826757370,-0.145770
0.826870748,-0.138983
0.826984127,-0.132195
0.827097506,-0.125406
0.827210884,-0.118619
0.827324263,-0.111833
0.827437642,-0.105048
0.827551020,-0.098267
0.827664399,-0.091488
0.827777778,-0.084713
0.827891156,-0.077943
0.828004535,-0.071178
0.828117914,-0.064419
0.828231293,-0.057666
0.828344671,-0.050920
0.828458050,-0.044182
0.828571429,-0.037452
0.828684807,-0.030731
0.828798186,-0.024021
0.828911565,-0.017320
0.829024943,-0.010630
0.829138322,-0.003951
0.829251701,0.002714
0.829365079,0.009368
0.829478458,0.016008
0.829591837,0.022633
0.829705215,0.029245
0.829818594,0.035841
0.829931973,0.042420
0.830045351,0.048984
0.830158730,0.055530
0.830272109,0.062058
0.830385488,0.068568
0.830498866,0.075058
0.830612245,0.081529
0.830725624,0.087979
0.830839002,0.094409
0.830952381,0.100816
0.831065760,0.107201
0.831179138,0.113563
0.831292517,0.119902
0.831405896,0.126216
0.831519274,0.132506
0.831632653,0.138770
0.831746032,0.145009
0.831859410,0.151221
0.831972789,0.157407
0.832086168,0.163565
0.832199546,0.169694
0.832312925,0.175795
0.832426304,0.181867
0.832539683,0.187908
0.832653061,0.193920
0.832766440,0.199900
0.832879819,0.205849
0.832993197,0.211766
0.833106576,0.217651
0.833219955,0.223502
0.833333333,0.229320
0.833446712,0.235104
0.833560091,0.240853
0.833673469,0.246567
0.833786848,0.252245
0.833900227,0.257888
0.834013605,0.263493
0.834126984,0.269062
0.834240363,0.274593
0.834353741,0.280086
0.834467120,0.285541
0.834580499,0.290957
0.834693878,0.296334
0.834807256,0.301672
0.834920635,0.306969
0.835034014,0.312226
0.835147392,0.317442
0.835260771,0.322617
0.835374150,0.327750
0.835487528,0.332842
0.835600907,0.337891
0.835714286,0.342898
0.835827664,0.347862
0.835941043,0.352782
0.836054422,0.357659
0.836167800,0.362492
0.836281179,0.367282
0.836394558,0.372026
0.836507937,0.376727
0.836621315,0.381382
0.836734694,0.385992
0.836848073,0.390556
0.836961451,0.395075
0.837074830,0.399548
0.837188209,0.403975
0.837301587,0.408354
0.837414966,0.412688
0.837528345,0.416974
0.837641723,0.421214
0.837755102,0.425405
0.837868481,0.429549
0.837981859,0.433646
0.838095238,0.437694
0.838208617,0.441694
0.838321995,0.445645
0.838435374,0.449548
0.838548753,0.453401
0.838662132,0.457206
0.838775510,0.460961
0.838888889,0.464667
0.839002268,0.468323
0.839115646,0.471930
0.839229025,0.475486
0.839342404,0.478993
0.839455782,0.482450
0.839569161,0.485856
0.839682540,0.489212
0.839795918,0.492517
0.839909297,0.495771
0.840022676,0.498975
0.840136054,0.502128
0.840249433,0.505230
0.840362812,0.508280
0.840476190,0.511280
0.840589569,0.514228
0.840702948,0.517124
0.840816327,0.519969
0.840929705,0.522763
0.841043084,0.525505
0.841156463,0.528195
0.841269841,0.530834
0.841383220,0.533421
0.841496599,0.535957
0.841609977,0.538440
0.841723356,0.540872
0.841836735,0.543253
0.841950113,0.545581
0.842063492,0.547858
0.842176871,0.550083
0.842290249,0.552257
0.842403628,0.554378
0.842517007,0.556448
0.842630385,0.558466
0.842743764,0.560433
0.842857143,0.562347
0.842970522,0.564210
0.843083900,0.566021
0.843197279,0.567781
0.843310658,0.569488
0.843424036,0.571145
0.843537415,0.572750
0.843650794,0.574303
0.843764172,0.575805
0.843877551,0.577256
0.843990930,0.578656
0.844104308,0.580005
0.844217687,0.581302
0.844331066,0.582550
0.844444444,0.583746
0.844557823,0.584891
0.844671202,0.585986
0.844784580,0.587031
0.844897959,0.588026
0.845011338,0.588970
0.845124717,0.589864
0.845238095,0.590708
0.845351474,0.591503
0.845464853,0.592248
0.845578231,0.592943
0.845691610,0.593589
0.845804989,0.594186
0.845918367,0.594733
0.846031746,0.595232
0.846145125,0.595683
0.846258503,0.596085
0.846371882,0.596438
0.846485261,0.596744
0.846598639,0.597001
0.846712018,0.597211
0.846825397,0.597373
0.846938776,0.597488
0.847052154,0.597556
0.847165533,0.597577
0.847278912,0.597552
0.847392290,0.597479
0.847505669,0.597361
0.847619048,0.597196
0.847732426,0.596985
0.847845805,0.596729
0.847959184,0.596426
0.848072562,0.596079
0.848185941,0.595686
0.848299320,0.595249
0.848412698,0.594767
0.848526077,0.594241
0.848639456,0.593670
0.848752834,0.593056
0.848866213,0.592398
0.848979592,0.591697
0.849092971,0.590952
0.849206349,0.590165
0.849319728,0.589336
0.849433107,0.588464
0.849546485,0.587550
0.849659864,0.586595
0.849773243,0.585598
0.849886621,0.584560
0.850000000,0.583482
0.850113379,0.582362
0.850226757,0.581203
0.850340136,0.580003
0.850453515,0.578764
0.850566893,0.577485
0.850680272,0.576168
0.850793651,0.574812
0.850907029,0.573417
0.851020408,0.571984
0.851133787,0.570513
0.851247166,0.569005
0.851360544,0.567460
0.851473923,0.565879
0.851587302,0.564261
0.851700680,0.562607
0.851814059,0.560917
0.851927438,0.559193
0.852040816,0.557433
0.852154195,0.555639
0.852267574,0.553811
0.852380952,0.551949
0.852494331,0.550054
0.852607710,0.548125
0.852721088,0.546164
0.852834467,0.544171
0.852947846,0.542145
0.853061224,0.540089
0.853174603,0.538000
0.853287982,0.535881
0.853401361,0.533732
0.853514739,0.531552
0.853628118,0.529343
0.853741497,0.527104
0.853854875,0.524837
0.853968254,0.522541
0.854081633,0.520216
0.854195011,0.517864
0.854308390,0.515484
0.854421769,0.513077
0.854535147,0.510643
0.854648526,0.508183
0.854761905,0.505696
0.854875283,0.503184
0.854988662,0.500646
0.855102041,0.498082
0.855215420,0.495494
0.855328798,0.492882
0.855442177,0.490244
0.855555556,0.487583
0.855668934,0.484899
0.855782313,0.482192
0.855895692,0.479460
0.856009070,0.476707
0.856122449,0.473932
0.856235828,0.471134
0.856349206,0.468315
0.856462585,0.465475
0.856575964,0.462614
0.856689342,0.459732
0.856802721,0.456830
0.856916100,0.453909
0.857029478,0.450968
0.857142857,0.448007
0.857256236,0.445028
0.857369615,0.442030
0.857482993,0.439014
0.857596372,0.435981
0.857709751,0.432930
0.857823129,0.429862
0.857936508,0.426776
0.858049887,0.423675
0.858163265,0.420557
0.858276644,0.417424
0.858390023,0.414276
0.858503401,0.411112
0.858616780,0.407934
0.858730159,0.404741
0.858843537,0.401534
0.858956916,0.398314
0.859070295,0.395080
0.859183673,0.391834
0.859297052,0.388574
0.859410431,0.385302
0.859523810,0.382018
0.859637188,0.378722
0.859750567,0.375414
0.859863946,0.372095
0.859977324,0.368764
0.860090703,0.365423
0.860204082,0.362071
0.860317460,0.358709
0.860430839,0.355337
0.860544218,0.351955
0.860657596,0.348563
0.860770975,0.345162
0.860884354,0.341752
0.860997732,0.338333
0.861111111,0.334906
0.861224490,0.331470
0.861337868,0.328026
0.861451247,0.324575
0.861564626,0.321115
0.861678005,0.317649
0.861791383,0.314175
0.861904762,0.310695
0.862018141,0.307208
0.862131519,0.303715
0.862244898,0.300216
0.862358277,0.296712
0.862471655,0.293201
0.862585034,0.289686
0.862698413,0.286166
0.862811791,0.282641
0.862925170,0.279113
0.863038549,0.275579
0.863151927,0.272043
0.863265306,0.268503
0.863378685,0.264960
0.863492063,0.261414
0.863605442,0.257865
0.863718821,0.254314
0.863832200,0.250761
0.863945578,0.247207
0.864058957,0.243650
0.864172336,0.240093
0.864285714,0.236534
0.864399093,0.232975
0.864512472,0.229416
0.864625850,0.225856
0.864739229,0.222296
0.864852608,0.218737
0.864965986,0.215178
0.865079365,0.211620
0.865192744,0.208063
0.865306122,0.204508
0.865419501,0.200953
0.865532880,0.197401
0.865646259,0.193850
0.865759637,0.190301
0.865873016,0.186754
0.865986395,0.183210
0.866099773,0.179668
0.866213152,0.176128
0.866326531,0.172591
0.866439909,0.169057
0.866553288,0.165526
0.866666667,0.161998
0.866780045,0.158473
0.866893424,0.154951
0.867006803,0.151433
0.867120181,0.147919
0.867233560,0.144408
0.867346939,0.140900
0.867460317,0.137397
0.867573696,0.133898
0.867687075,0.130403
0.867800454,0.126912
0.867913832,0.123426
0.868027211,0.119944
0.868140590,0.116466
0.868253968,0.112993
0.868367347,0.109524
0.868480726,0.106060
0.868594104,0.102601
0.868707483,0.099146
0.868820862,0.095697
0.868934240,0.092252
0.869047619,0.088812
0.869160998,0.085377
0.869274376,0.081947
0.869387755,0.078522
0.869501134,0.075102
0.869614512,0.071688
0.869727891,0.068278
0.869841270,0.064873
0.869954649,0.061474
0.870068027,0.058080
0.870181406,0.054690
0.870294785,0.051307
0.870408163,0.047928
0.870521542,0.044555
0.870634921,0.041187
0.870748299,0.037824
0.870861678,0.034466
0.870975057,0.031114
0.871088435,0.027766
0.871201814,0.024424
0.871315193,0.021086
0.871428571,0.017754
0.871541950,0.014426
0.871655329,0.011104
0.871768707,0.007786
0.871882086,0.004473
0.871995465,0.001164
0.872108844,-0.002140
0.872222222,-0.005439
0.872335601,-0.008734
0.872448980,-0.012024
0.872562358,-0.015310
0.872675737,-0.018592
0.872789116,-0.021869
0.872902494,-0.025143
0.873015873,-0.028412
0.873129252,-0.031677
0.873242630,-0.034939
0.873356009,-0.038196
0.873469388,-0.041450
0.873582766,-0.044701
0.873696145,-0.047947
0.873809524,-0.051190
0.873922902,-0.054430
0.874036281,-0.057666
0.874149660,-0.060899
0.874263039,-0.064129
0.874376417,-0.067355
0.874489796,-0.070578
0.874603175,-0.073798
0.874716553,-0.077014
0.874829932,-0.080228
0.874943311,-0.083439
0.875056689,-0.086646
0.875170068,-0.089851
0.875283447,-0.093053
0.875396825,-0.096252
0.875510204,-0.099448
0.875623583,-0.102641
0.875736961,-0.105832
0.875850340,-0.109020
0.875963719,-0.112205
0.876077098,-0.115389
0.876190476,-0.118569
0.876303855,-0.121747
0.876417234,-0.124923
0.876530612,-0.128097
0.876643991,-0.131269
0.876757370,-0.134439
0.876870748,-0.137606
0.876984127,-0.140771
0.877097506,-0.143934
0.877210884,-0.147096
0.877324263,-0.150255
0.877437642,-0.153413
0.877551020,-0.156569
0.877664399,-0.159723
0.877777778,-0.162875
0.877891156,-0.166026
0.878004535,-0.169176
0.878117914,-0.172325
0.878231293,-0.175472
0.878344671,-0.178618
0.878458050,-0.181764
0.878571429,-0.184908
0.878684807,-0.188051
0.878798186,-0.191193
0.878911565,-0.194335
0.879024943,-0.197476
0.879138322,-0.200616
0.879251701,-0.203756
0.879365079,-0.206895
0.879478458,-0.210033
0.879591837,-0.213171
0.879705215,-0.216308
0.879818594,-0.219445
0.879931973,-0.222581
0.880045351,-0.225717
0.880158730,-0.228853
0.880272109,-0.231988
0.880385488,-0.235123
0.880498866,-0.238257
0.880612245,-0.241391
0.880725624,-0.244525
0.880839002,-0.247658
0.880952381,-0.250791
0.881065760,-0.253923
0.881179138,-0.257055
0.881292517,-0.260187
0.881405896,-0.263319
0.881519274,-0.266450
0.881632653,-0.269581
0.881746032,-0.272711
0.881859410,-0.275841
0.881972789,-0.278970
0.882086168,-0.282099
0.882199546,-0.285228
0.882312925,-0.288357
0.882426304,-0.291485
0.882539683,-0.294612
0.882653061,-0.297739
0.882766440,-0.300866
0.882879819,-0.303993
0.882993197,-0.307119
0.883106576,-0.310245
0.883219955,-0.313370
0.883333333,-0.316495
0.883446712,-0.319620
0.883560091,-0.322744
0.883673469,-0.325868
0.883786848,-0.328991
0.883900227,-0.332113
0.884013605,-0.335235
0.884126984,-0.338357
0.884240363,-0.341478
0.884353741,-0.344598
0.884467120,-0.347717
0.884580499,-0.350835
0.884693878,-0.353953
0.884807256,-0.357069
0.884920635,-0.360185
0.885034014,-0.363299
0.885147392,-0.366413
0.885260771,-0.369525
0.885374150,-0.372635
0.885487528,-0.375744
0.885600907,-0.378852
0.885714286,-0.381958
0.885827664,-0.385062
0.885941043,-0.388164
0.886054422,-0.391264
0.886167800,-0.394362
0.886281179,-0.397458
0.886394558,-0.400550
0.886507937,-0.403641
0.886621315,-0.406728
0.886734694,-0.409813
0.886848073,-0.412894
0.886961451,-0.415972
0.887074830,-0.419047
0.887188209,-0.422118
0.887301587,-0.425184
0.887414966,-0.428247
0.887528345,-0.431306
0.887641723,-0.434361
0.887755102,-0.437410
0.887868481,-0.440455
0.887981859,-0.443495
0.888095238,-0.446530
0.888208617,-0.449559
0.888321995,-0.452583
0.888435374,-0.455602
0.888548753,-0.458614
0.888662132,-0.461620
0.888775510,-0.464620
0.888888889,-0.467613
0.889002268,-0.470600
0.889115646,-0.473580
0.889229025,-0.476552
0.889342404,-0.479518
0.889455782,-0.482476
0.889569161,-0.485426
0.889682540,-0.488368
0.889795918,-0.491303
0.889909297,-0.494229
0.890022676,-0.497147
0.890136054,-0.500056
0.890249433,-0.502956
0.890362812,-0.505847
0.890476190,-0.508729
0.890589569,-0.511602
0.890702948,-0.514464
0.890816327,-0.517316
0.890929705,-0.520159
0.891043084,-0.522990
0.891156463,-0.525811
0.891269841,-0.528621
0.891383220,-0.531419
0.891496599,-0.534206
0.891609977,-0.536982
0.891723356,-0.539745
0.891836735,-0.542496
0.891950113,-0.545235
0.892063492,-0.547961
0.892176871,-0.550673
0.892290249,-0.553373
0.892403628,-0.556059
0.892517007,-0.558730
0.892630385,-0.561388
0.892743764,-0.564031
0.892857143,-0.566660
0.892970522,-0.569273
0.893083900,-0.571871
0.893197279,-0.574453
0.893310658,-0.577020
0.893424036,-0.579570
0.893537415,-0.582104
0.893650794,-0.584620
0.893764172,-0.587120
0.893877551,-0.589602
0.893990930,-0.592067
0.894104308,-0.594514
0.894217687,-0.596942
0.894331066,-0.599352
0.894444444,-0.601743
0.894557823,-0.604115
0.894671202,-0.606468
0.894784580,-0.608801
0.894897959,-0.611114
0.895011338,-0.613407
0.895124717,-0.615679
0.895238095,-0.617930
0.895351474,-0.620160
0.895464853,-0.622369
0.895578231,-0.624555
0.895691610,-0.626719
0.895804989,-0.628861
0.895918367,-0.630980
0.896031746,-0.633075
0.896145125,-0.635147
0.896258503,-0.637196
0.896371882,-0.639220
0.896485261,-0.641219
0.896598639,-0.643193
0.896712018,-0.645143
0.896825397,-0.647066
0.896938776,-0.648964
0.897052154,-0.650835
0.897165533,-0.652680
0.897278912,-0.654498
0.897392290,-0.656288
0.897505669,-0.658051
0.897619048,-0.659785
0.897732426,-0.661491
0.897845805,-0.663168
0.897959184,-0.664815
0.898072562,-0.666433
0.898185941,-0.668021
0.898299320,-0.669578
0.898412698,-0.671104
0.898526077,-0.672599
0.898639456,-0.674062
0.898752834,-0.675492
0.898866213,-0.676890
0.898979592,-0.678255
0.899092971,-0.679587
0.899206349,-0.680884
0.899319728,-0.682148
0.899433107,-0.683377
0.899546485,-0.684570
0.899659864,-0.685729
0.899773243,-0.686851
0.899886621,-0.687937
0.900000000,-0.688987
0.900113379,-0.690000
0.900226757,-0.690976
0.900340136,-0.691913
0.900453515,-0.692813
0.900566893,-0.693673
0.900680272,-0.694495
0.900793651,-0.695278
0.900907029,-0.696020
0.901020408,-0.696723
0.901133787,-0.697385
0.901247166,-0.698006
0.901360544,-0.698586
0.901473923,-0.699125
0.901587302,-0.699621
0.901700680,-0.700076
0.901814059,-0.700487
0.901927438,-0.700856
0.902040816,-0.701181
0.902154195,-0.701463
0.902267574,-0.701700
0.902380952,-0.701893
0.902494331,-0.702042
0.902607710,-0.702145
0.902721088,-0.702202
0.902834467,-0.702214
0.902947846,-0.702180
0.903061224,-0.702099
0.903174603,-0.701971
0.903287982,-0.701796
0.903401361,-0.701574
0.903514739,-0.701303
0.903628118,-0.700984
0.903741497,-0.700617
0.903854875,-0.700201
0.903968254,-0.699735
0.904081633,-0.699220
0.904195011,-0.698656
0.904308390,-0.698041
0.904421769,-0.697376
0.904535147,-0.696660
0.904648526,-0.695893
0.904761905,-0.695076
0.904875283,-0.694207
0.904988662,-0.693286
0.905102041,-0.692314
0.905215420,-0.691289
0.905328798,-0.690212
0.905442177,-0.689083
0.905555556,-0.687901
0.905668934,-0.686666
0.905782313,-0.685378
0.905895692,-0.684038
0.906009070,-0.682643
0.906122449,-0.681196
0.906235828,-0.679695
0.906349206,-0.678140
0.906462585,-0.676532
0.906575964,-0.674870
0.906689342,-0.673154
0.906802721,-0.671384
0.906916100,-0.669560
0.907029478,-0.667682
0.907142857,-0.665750
0.907256236,-0.663763
0.907369615,-0.661723
0.907482993,-0.659628
0.907596372,-0.657478
0.907709751,-0.655275
0.907823129,-0.653017
0.907936508,-0.650704
0.908049887,-0.648337
0.908163265,-0.645916
0.908276644,-0.643440
0.908390023,-0.640910
0.908503401,-0.638325
0.908616780,-0.635686
0.908730159,-0.632992
0.908843537,-0.630244
0.908956916,-0.627442
0.909070295,-0.624586
0.909183673,-0.621675
0.909297052,-0.618710
0.909410431,-0.615692
0.909523810,-0.612619
0.909637188,-0.609492
0.909750567,-0.606312
0.909863946,-0.603078
0.909977324,-0.599791
0.910090703,-0.596449
0.910204082,-0.593055
0.910317460,-0.589608
0.910430839,-0.586107
0.910544218,-0.582554
0.910657596,-0.578947
0.910770975,-0.575289
0.910884354,-0.571577
0.910997732,-0.567814
0.911111111,-0.563999
0.911224490,-0.560133
0.911337868,-0.556215
0.911451247,-0.552245
0.911564626,-0.548225
0.911678005,-0.544155
0.911791383,-0.540034
0.911904762,-0.535863
0.912018141,-0.531642
0.912131519,-0.527372
0.912244898,-0.523053
0.912358277,-0.518685
0.912471655,-0.514268
0.912585034,-0.509803
0.912698413,-0.505291
0.912811791,-0.500731
0.912925170,-0.496124
0.913038549,-0.491471
0.913151927,-0.486771
0.913265306,-0.482025
0.913378685,-0.477234
0.913492063,-0.472398
0.913605442,-0.467518
0.913718821,-0.462593
0.913832200,-0.457624
0.913945578,-0.452612
0.914058957,-0.447557
0.914172336,-0.442459
0.914285714,-0.437320
0.914399093,-0.432139
0.914512472,-0.426916
0.914625850,-0.421653
0.914739229,-0.416349
0.914852608,-0.411006
0.914965986,-0.405624
0.915079365,-0.400202
0.915192744,-0.394742
0.915306122,-0.389245
0.915419501,-0.383710
0.915532880,-0.378138
0.915646259,-0.372530
0.915759637,-0.366886
0.915873016,-0.361207
0.915986395,-0.355494
0.916099773,-0.349746
0.916213152,-0.343965
0.916326531,-0.338150
0.916439909,-0.332303
0.916553288,-0.326425
0.916666667,-0.320515
0.916780045,-0.314575
0.916893424,-0.308604
0.917006803,-0.302604
0.917120181,-0.296576
0.917233560,-0.290519
0.917346939,-0.284434
0.917460317,-0.278323
0.917573696,-0.272186
0.917687075,-0.266023
0.917800454,-0.259835
0.917913832,-0.253622
0.918027211,-0.247386
0.918140590,-0.241127
0.918253968,-0.234846
0.918367347,-0.228542
0.918480726,-0.222217
0.918594104,-0.215873
0.918707483,-0.209508
0.918820862,-0.203124
0.918934240,-0.196721
0.919047619,-0.190301
0.919160998,-0.183863
0.919274376,-0.177409
0.919387755,-0.170938
0.919501134,-0.164453
0.919614512,-0.157952
0.919727891,-0.151437
0.919841270,-0.144908
0.919954649,-0.138367
0.920068027,-0.131813
0.920181406,-0.125247
0.920294785,-0.118670
0.920408163,-0.112083
0.920521542,-0.105486
0.920634921,-0.098879
0.920748299,-0.092264
0.920861678,-0.085641
0.920975057,-0.079010
0.921088435,-0.072373
0.921201814,-0.065729
0.921315193,-0.059081
0.921428571,-0.052427
0.921541950,-0.045769
0.921655329,-0.039108
0.921768707,-0.032444
0.921882086,-0.025777
0.921995465,-0.019109
0.922108844,-0.012439
0.922222222,-0.005770
0.922335601,0.000900
0.922448980,0.007568
0.922562358,0.014235
0.922675737,0.020901
0.922789116,0.027562
0.922902494,0.034221
0.923015873,0.040876
0.923129252,0.047525
0.923242630,0.054170
0.923356009,0.060808
0.923469388,0.067440
0.923582766,0.074064
0.923696145,0.080680
0.923809524,0.087288
0.923922902,0.093887
0.924036281,0.100475
0.924149660,0.107054
0.924263039,0.113621
0.924376417,0.120176
0.924489796,0.126719
0.924603175,0.133249
0.924716553,0.139765
0.924829932,0.146267
0.924943311,0.152754
0.925056689,0.159226
0.925170068,0.165681
0.925283447,0.172120
0.925396825,0.178541
0.925510204,0.184944
0.925623583,0.191329
0.925736961,0.197695
0.925850340,0.204041
0.925963719,0.210367
0.926077098,0.216672
0.926190476,0.222956
0.926303855,0.229218
0.926417234,0.235458
0.926530612,0.241674
0.926643991,0.247867
0.926757370,0.254036
0.926870748,0.260181
0.926984127,0.266301
0.927097506,0.272394
0.927210884,0.278462
0.927324263,0.284503
0.927437642,0.290517
0.927551020,0.296503
0.927664399,0.302461
0.927777778,0.308391
0.927891156,0.314291
0.928004535,0.320161
0.928117914,0.326001
0.928231293,0.331811
0.928344671,0.337589
0.928458050,0.343335
0.928571429,0.349050
0.928684807,0.354732
0.928798186,0.360380
0.928911565,0.365995
0.929024943,0.371577
0.929138322,0.377124
0.929251701,0.382636
0.929365079,0.388112
0.929478458,0.393553
0.929591837,0.398958
0.929705215,0.404327
0.929818594,0.409658
0.929931973,0.414953
0.930045351,0.420209
0.930158730,0.425427
0.930272109,0.430608
0.930385488,0.435749
0.930498866,0.440852
0.930612245,0.445915
0.930725624,0.450939
0.930839002,0.455922
0.930952381,0.460865
0.931065760,0.465768
0.931179138,0.470630
0.931292517,0.475451
0.931405896,0.480231
0.931519274,0.484969
0.931632653,0.489665
0.931746032,0.494320
0.931859410,0.498932
0.931972789,0.503501
0.932086168,0.508028
0.932199546,0.512511
0.932312925,0.516951
0.932426304,0.521348
0.932539683,0.525701
0.932653061,0.530010
0.932766440,0.534274
0.932879819,0.538494
0.932993197,0.542670
0.933106576,0.546800
0.933219955,0.550885
0.933333333,0.554925
0.933446712,0.558920
0.933560091,0.562869
0.933673469,0.566771
0.933786848,0.570628
0.933900227,0.574438
0.934013605,0.578203
0.934126984,0.581920
0.934240363,0.585591
0.934353741,0.589215
0.934467120,0.592791
0.934580499,0.596321
0.934693878,0.599803
0.934807256,0.603237
0.934920635,0.606624
0.935034014,0.609963
0.935147392,0.613254
0.935260771,0.616496
0.935374150,0.619690
0.935487528,0.622836
0.935600907,0.625933
0.935714286,0.628981
0.935827664,0.631981
0.935941043,0.634932
0.936054422,0.637834
0.936167800,0.640687
0.936281179,0.643491
0.936394558,0.646245
0.936507937,0.648950
0.936621315,0.651607
0.936734694,0.654213
0.936848073,0.656770
0.936961451,0.659277
0.937074830,0.661735
0.937188209,0.664143
0.937301587,0.666501
0.937414966,0.668809
0.937528345,0.671067
0.937641723,0.673275
0.937755102,0.675433
0.937868481,0.677541
0.937981859,0.679599
0.938095238,0.681607
0.938208617,0.683564
0.938321995,0.685471
0.938435374,0.687328
0.938548753,0.689135
0.938662132,0.690892
0.938775510,0.692598
0.938888889,0.694254
0.939002268,0.695859
0.939115646,0.697415
0.939229025,0.698920
0.939342404,0.700375
0.939455782,0.701779
0.939569161,0.703134
0.939682540,0.704438
0.939795918,0.705692
0.939909297,0.706896
0.940022676,0.708050
0.940136054,0.709154
0.940249433,0.710209
0.940362812,0.711213
0.940476190,0.712168
0.940589569,0.713073
0.940702948,0.713929
0.940816327,0.714735
0.940929705,0.715492
0.941043084,0.716201
0.941156463,0.716860
0.941269841,0.717470
0.941383220,0.718032
0.941496599,0.718546
0.941609977,0.719011
0.941723356,0.719428
0.941836735,0.719798
0.941950113,0.720119
0.942063492,0.720393
0.942176871,0.720620
0.942290249,0.720800
0.942403628,0.720933
0.942517007,0.721020
0.942630385,0.721059
0.942743764,0.721053
0.942857143,0.721002
0.942970522,0.720904
0.943083900,0.720762
0.943197279,0.720574
0.943310658,0.720342
0.943424036,0.720066
0.943537415,0.719745
0.943650794,0.719381
0.943764172,0.718973
0.943877551,0.718522
0.943990930,0.718028
0.944104308,0.717492
0.944217687,0.716913
0.944331066,0.716292
0.944444444,0.715630
0.944557823,0.714926
0.944671202,0.714181
0.944784580,0.713395
0.944897959,0.712569
0.945011338,0.711703
0.945124717,0.710797
0.945238095,0.709851
0.945351474,0.708867
0.945464853,0.707843
0.945578231,0.706781
0.945691610,0.705680
0.945804989,0.704542
0.945918367,0.703366
0.946031746,0.702152
0.946145125,0.700902
0.946258503,0.699616
0.946371882,0.698293
0.946485261,0.696934
0.946598639,0.695539
0.946712018,0.694109
0.946825397,0.692645
0.946938776,0.691146
0.947052154,0.689613
0.947165533,0.688046
0.947278912,0.686445
0.947392290,0.684811
0.947505669,0.683145
0.947619048,0.681446
0.947732426,0.679716
0.947845805,0.677953
0.947959184,0.676159
0.948072562,0.674335
0.948185941,0.672479
0.948299320,0.670594
0.948412698,0.668678
0.948526077,0.666733
0.948639456,0.664759
0.948752834,0.662756
0.948866213,0.660725
0.948979592,0.658665
0.949092971,0.656578
0.949206349,0.654462
0.949319728,0.652321
0.949433107,0.650152
0.949546485,0.647957
0.949659864,0.645736
0.949773243,0.643488
0.949886621,0.641216
0.950000000,0.638919
0.950113379,0.636597
0.950226757,0.634251
0.950340136,0.631880
0.950453515,0.629486
0.950566893,0.627068
0.950680272,0.624627
0.950793651,0.622165
0.950907029,0.619679
0.951020408,0.617171
0.951133787,0.614642
0.951247166,0.612091
0.951360544,0.609519
0.951473923,0.606926
0.951587302,0.604313
0.951700680,0.601680
0.951814059,0.599026
0.951927438,0.596354
0.952040816,0.593662
0.952154195,0.590951
0.952267574,0.588221
0.952380952,0.585473
0.952494331,0.582707
0.952607710,0.579924
0.952721088,0.577123
0.952834467,0.574305
0.952947846,0.571470
0.953061224,0.568619
0.953174603,0.565751
0.953287982,0.562868
0.953401361,0.559969
0.953514739,0.557055
0.953628118,0.554126
0.953741497,0.551182
0.953854875,0.548224
0.953968254,0.545252
0.954081633,0.542266
0.954195011,0.539266
0.954308390,0.536254
0.954421769,0.533228
0.954535147,0.530191
0.954648526,0.527141
0.954761905,0.524079
0.954875283,0.521005
0.954988662,0.517920
0.955102041,0.514825
0.955215420,0.511718
0.955328798,0.508601
0.955442177,0.505474
0.955555556,0.502337
0.955668934,0.499190
0.955782313,0.496034
0.955895692,0.492869
0.956009070,0.489695
0.956122449,0.486512
0.956235828,0.483320
0.956349206,0.480120
0.956462585,0.476913
0.956575964,0.473697
0.956689342,0.470474
0.956802721,0.467244
0.956916100,0.464006
0.957029478,0.460762
0.957142857,0.457510
0.957256236,0.454253
0.957369615,0.450988
0.957482993,0.447718
0.957596372,0.444442
0.957709751,0.441160
0.957823129,0.437873
0.957936508,0.434581
0.958049887,0.431283
0.958163265,0.427981
0.958276644,0.424673
0.958390023,0.421362
0.958503401,0.418046
0.958616780,0.414725
0.958730159,0.411401
0.958843537,0.408073
0.958956916,0.404741
0.959070295,0.401406
0.959183673,0.398068
0.959297052,0.394727
0.959410431,0.391382
0.959523810,0.388035
0.959637188,0.384686
0.959750567,0.381334
0.959863946,0.377979
0.959977324,0.374622
0.960090703,0.371263
0.960204082,0.367903
0.960317460,0.364540
0.960430839,0.361176
0.960544218,0.357810
0.960657596,0.354442
0.960770975,0.351074
0.960884354,0.347703
0.960997732,0.344332
0.961111111,0.340959
0.961224490,0.337585
0.961337868,0.334209
0.961451247,0.330833
0.961564626,0.327456
0.961678005,0.324077
0.961791383,0.320698
0.961904762,0.317317
0.962018141,0.313936
0.962131519,0.310554
0.962244898,0.307171
0.962358277,0.303787
0.962471655,0.300403
0.962585034,0.297017
0.962698413,0.293631
0.962811791,0.290245
0.962925170,0.286857
0.963038549,0.283470
0.963151927,0.280082
0.963265306,0.276693
0.963378685,0.273303
0.963492063,0.269914
0.963605442,0.266523
0.963718821,0.263133
0.963832200,0.259742
0.963945578,0.256350
0.964058957,0.252959
0.964172336,0.249566
0.964285714,0.246173
0.964399093,0.242780
0.964512472,0.239386
0.964625850,0.235992
0.964739229,0.232597
0.964852608,0.229202
0.964965986,0.225806
0.965079365,0.222410
0.965192744,0.219012
0.965306122,0.215615
0.965419501,0.212217
0.965532880,0.208818
0.965646259,0.205418
0.965759637,0.202019
0.965873016,0.198618
0.965986395,0.195216
0.966099773,0.191814
0.966213152,0.188411
0.966326531,0.185007
0.966439909,0.181602
0.966553288,0.178196
0.966666667,0.174789
0.966780045,0.171381
0.966893424,0.167972
0.967006803,0.164562
0.967120181,0.161152
0.967233560,0.157740
0.967346939,0.154327
0.967460317,0.150914
0.967573696,0.147498
0.967687075,0.144083
0.967800454,0.140665
0.967913832,0.137247
0.968027211,0.133827
0.968140590,0.130406
0.968253968,0.126983
0.968367347,0.123559
0.968480726,0.120134
0.968594104,0.116707
0.968707483,0.113279
0.968820862,0.109849
0.968934240,0.106418
0.969047619,0.102984
0.969160998,0.099549
0.969274376,0.096112
0.969387755,0.092674
0.969501134,0.089233
0.969614512,0.085791
0.969727891,0.082347
0.969841270,0.078900
0.969954649,0.075452
0.970068027,0.072001
0.970181406,0.068549
0.970294785,0.065093
0.970408163,0.061636
0.970521542,0.058176
0.970634921,0.054715
0.970748299,0.051250
0.970861678,0.047783
0.970975057,0.044313
0.971088435,0.040841
0.971201814,0.037366
0.971315193,0.033888
0.971428571,0.030408
0.971541950,0.026925
0.971655329,0.023438
0.971768707,0.019948
0.971882086,0.016456
0.971995465,0.012960
0.972108844,0.009461
0.972222222,0.005958
0.972335601,0.002452
0.972448980,-0.001058
0.972562358,-0.004571
0.972675737,-0.008088
0.972789116,-0.011608
0.972902494,-0.015133
0.973015873,-0.018662
0.973129252,-0.022195
0.973242630,-0.025733
0.973356009,-0.029275
0.973469388,-0.032821
0.973582766,-0.036372
0.973696145,-0.039928
0.973809524,-0.043489
0.973922902,-0.047054
0.974036281,-0.050625
0.974149660,-0.054201
0.974263039,-0.057783
0.974376417,-0.061370
0.974489796,-0.064963
0.974603175,-0.068561
0.974716553,-0.072165
0.974829932,-0.075775
0.974943311,-0.079391
0.975056689,-0.083013
0.975170068,-0.086642
0.975283447,-0.090276
0.975396825,-0.093917
0.975510204,-0.097565
0.975623583,-0.101219
0.975736961,-0.104879
0.975850340,-0.108546
0.975963719,-0.112220
0.976077098,-0.115901
0.976190476,-0.119589
0.976303855,-0.123284
0.976417234,-0.126986
0.976530612,-0.130695
0.976643991,-0.134412
0.976757370,-0.138136
0.976870748,-0.141868
0.976984127,-0.145607
0.977097506,-0.149353
0.977210884,-0.153108
0.977324263,-0.156870
0.977437642,-0.160639
0.977551020,-0.164417
0.977664399,-0.168203
0.977777778,-0.171996
0.977891156,-0.175797
0.978004535,-0.179606
0.978117914,-0.183423
0.978231293,-0.187247
0.978344671,-0.191080
0.978458050,-0.194920
0.978571429,-0.198768
0.978684807,-0.202623
0.978798186,-0.206486
0.978911565,-0.210357
0.979024943,-0.214236
0.979138322,-0.218121
0.979251701,-0.222015
0.979365079,-0.225916
0.979478458,-0.229823
0.979591837,-0.233738
0.979705215,-0.237660
0.979818594,-0.241589
0.979931973,-0.245525
0.980045351,-0.249468
0.980158730,-0.253417
0.980272109,-0.257373
0.980385488,-0.261335
0.980498866,-0.265304
0.980612245,-0.269279
0.980725624,-0.273260
0.980839002,-0.277247
0.980952381,-0.281239
0.981065760,-0.285237
0.981179138,-0.289241
0.981292517,-0.293249
0.981405896,-0.297263
0.981519274,-0.301282
0.981632653,-0.305305
0.981746032,-0.309333
0.981859410,-0.313365
0.981972789,-0.317402
0.982086168,-0.321442
0.982199546,-0.325486
0.982312925,-0.329534
0.982426304,-0.333585
0.982539683,-0.337640
0.982653061,-0.341697
0.982766440,-0.345757
0.982879819,-0.349819
0.982993197,-0.353884
0.983106576,-0.357950
0.983219955,-0.362019
0.983333333,-0.366088
0.983446712,-0.370159
0.983560091,-0.374231
0.983673469,-0.378303
0.983786848,-0.382376
0.983900227,-0.386449
0.984013605,-0.390521
0.984126984,-0.394593
0.984240363,-0.398664
0.984353741,-0.402735
0.984467120,-0.406803
0.984580499,-0.410870
0.984693878,-0.414935
0.984807256,-0.418998
0.984920635,-0.423057
0.985034014,-0.427114
0.985147392,-0.431167
0.985260771,-0.435217
0.985374150,-0.439262
0.985487528,-0.443303
0.985600907,-0.447338
0.985714286,-0.451369
0.985827664,-0.455393
0.985941043,-0.459412
0.986054422,-0.463424
0.986167800,-0.467429
0.986281179,-0.471427
0.986394558,-0.475416
0.986507937,-0.479398
0.986621315,-0.483371
0.986734694,-0.487335
0.986848073,-0.491289
0.986961451,-0.495233
0.987074830,-0.499167
0.987188209,-0.503090
0.987301587,-0.507001
0.987414966,-0.510901
0.987528345,-0.514788
0.987641723,-0.518663
0.987755102,-0.522524
0.987868481,-0.526371
0.987981859,-0.530204
0.988095238,-0.534022
0.988208617,-0.537824
0.988321995,-0.541610
0.988435374,-0.545379
0.988548753,-0.549132
0.988662132,-0.552866
0.988775510,-0.556583
0.988888889,-0.560280
0.989002268,-0.563959
0.989115646,-0.567617
0.989229025,-0.571255
0.989342404,-0.574873
0.989455782,-0.578468
0.989569161,-0.582043
0.989682540,-0.585594
0.989795918,-0.589123
0.989909297,-0.592628
0.990022676,-0.596109
0.990136054,-0.599566
0.990249433,-0.602997
0.990362812,-0.606403
0.990476190,-0.609783
0.990589569,-0.613136
0.990702948,-0.616461
0.990816327,-0.619758
0.990929705,-0.623027
0.991043084,-0.626267
0.991156463,-0.629477
0.991269841,-0.632657
0.991383220,-0.635806
0.991496599,-0.638924
0.991609977,-0.642011
0.991723356,-0.645065
0.991836735,-0.648086
0.991950113,-0.651074
0.992063492,-0.654028
0.992176871,-0.656948
0.992290249,-0.659832
0.992403628,-0.662682
0.992517007,-0.665495
0.992630385,-0.668272
0.992743764,-0.671012
0.992857143,-0.673715
0.992970522,-0.676379
0.993083900,-0.679005
0.993197279,-0.681592
0.993310658,-0.684140
0.993424036,-0.686647
0.993537415,-0.689114
0.993650794,-0.691540
0.993764172,-0.693924
0.993877551,-0.696267
0.993990930,-0.698567
0.994104308,-0.700824
0.994217687,-0.703038
0.994331066,-0.705208
0.994444444,-0.707333
0.994557823,-0.709414
0.994671202,-0.711450
0.994784580,-0.713440
0.994897959,-0.715384
0.995011338,-0.717282
0.995124717,-0.719132
0.995238095,-0.720935
0.995351474,-0.722690
0.995464853,-0.724397
0.995578231,-0.726056
0.995691610,-0.727665
0.995804989,-0.729224
0.995918367,-0.730733
0.996031746,-0.732192
0.996145125,-0.733600
0.996258503,-0.734957
0.996371882,-0.736262
0.996485261,-0.737515
0.996598639,-0.738716
0.996712018,-0.739863
0.996825397,-0.740958
0.996938776,-0.741999
0.997052154,-0.742986
0.997165533,-0.743920
0.997278912,-0.744798
0.997392290,-0.745621
0.997505669,-0.746390
0.997619048,-0.747102
0.997732426,-0.747759
0.997845805,-0.748359
0.997959184,-0.748903
0.998072562,-0.749390
0.998185941,-0.749819
0.998299320,-0.750191
0.998412698,-0.750505
0.998526077,-0.750760
0.998639456,-0.750957
0.998752834,-0.751096
0.998866213,-0.751175
0.998979592,-0.751194
0.999092971,-0.751155
0.999206349,-0.751055
0.999319728,-0.750895
0.999433107,-0.750675
0.999546485,-0.750394
0.999659864,-0.750053
0.999773243,-0.749650
0.999886621,-0.749187
