label,12_c_160_p
time_s,envelope
0.000000000,15.444141
0.000113379,15.443021
0.000226757,15.441911
0.000340136,15.440814
0.000453515,15.439729
0.000566893,15.438656
0.000680272,15.437594
0.000793651,15.436544
0.000907029,15.435508
0.001020408,15.434484
0.001133787,15.433473
0.001247166,15.432472
0.001360544,15.431487
0.001473923,15.430513
0.001587302,15.429553
0.001700680,15.428604
0.001814059,15.427670
0.001927438,15.426746
0.002040816,15.425838
0.002154195,15.424942
0.002267574,15.424061
0.002380952,15.423190
0.002494331,15.422334
0.002607710,15.421492
0.002721088,15.420662
0.002834467,15.419847
0.002947846,15.419044
0.003061224,15.418255
0.003174603,15.417480
0.003287982,15.416719
0.003401361,15.415974
0.003514739,15.415239
0.003628118,15.414521
0.003741497,15.413815
0.003854875,15.413126
0.003968254,15.412451
0.004081633,15.411789
0.004195011,15.411142
0.004308390,15.410511
0.004421769,15.409894
0.004535147,15.409291
0.004648526,15.408705
0.004761905,15.408133
0.004875283,15.407576
0.004988662,15.407033
0.005102041,15.406507
0.005215420,15.405996
0.005328798,15.405499
0.005442177,15.405019
0.005555556,15.404554
0.005668934,15.404106
0.005782313,15.403673
0.005895692,15.403255
0.006009070,15.402855
0.006122449,15.402468
0.006235828,15.402098
0.006349206,15.401743
0.006462585,15.401404
0.006575964,15.401080
0.006689342,15.400773
0.006802721,15.400480
0.006916100,15.400204
0.007029478,15.399941
0.007142857,15.399697
0.007256236,15.399465
0.007369615,15.399250
0.007482993,15.399050
0.007596372,15.398864
0.007709751,15.398692
0.007823129,15.398536
0.007936508,15.398394
0.008049887,15.398267
0.008163265,15.398153
0.008276644,15.398054
0.008390023,15.397968
0.008503401,15.397898
0.008616780,15.397840
0.008730159,15.397797
0.008843537,15.397765
0.008956916,15.397747
0.009070295,15.397743
0.009183673,15.397751
0.009297052,15.397772
0.009410431,15.397805
0.009523810,15.397852
0.009637188,15.397910
0.009750567,15.397981
0.009863946,15.398065
0.009977324,15.398158
0.010090703,15.398265
0.010204082,15.398383
0.010317460,15.398513
0.010430839,15.398653
0.010544218,15.398806
0.010657596,15.398969
0.010770975,15.399142
0.010884354,15.399326
0.010997732,15.399522
0.011111111,15.399727
0.011224490,15.399941
0.011337868,15.400167
0.011451247,15.400403
0.011564626,15.400645
0.011678005,15.400901
0.011791383,15.401163
0.011904762,15.401435
0.012018141,15.401714
0.012131519,15.402001
0.012244898,15.402300
0.012358277,15.402603
0.012471655,15.402917
0.012585034,15.403235
0.012698413,15.403563
0.012811791,15.403897
0.012925170,15.404237
0.013038549,15.404585
0.013151927,15.404940
0.013265306,15.405299
0.013378685,15.405666
0.013492063,15.406036
0.013605442,15.406414
0.013718821,15.406797
0.013832200,15.407186
0.013945578,15.407578
0.014058957,15.407974
0.014172336,15.408375
0.014285714,15.408781
0.014399093,15.409190
0.014512472,15.409603
0.014625850,15.410022
0.014739229,15.410442
0.014852608,15.410866
0.014965986,15.411293
0.015079365,15.411722
0.015192744,15.412156
0.015306122,15.412591
0.015419501,15.413029
0.015532880,15.413470
0.015646259,15.413913
0.015759637,15.414358
0.015873016,15.414804
0.015986395,15.415256
0.016099773,15.415706
0.016213152,15.416160
0.016326531,15.416615
0.016439909,15.417070
0.016553288,15.417530
0.016666667,15.417989
0.016780045,15.418449
0.016893424,15.418913
0.017006803,15.419377
0.017120181,15.419842
0.017233560,15.420308
0.017346939,15.420775
0.017460317,15.421244
0.017573696,15.421712
0.017687075,15.422181
0.017800454,15.422653
0.017913832,15.423124
0.018027211,15.423596
0.018140590,15.424069
0.018253968,15.424543
0.018367347,15.425016
0.018480726,15.425489
0.018594104,15.425964
0.018707483,15.426440
0.018820862,15.426915
0.018934240,15.427390
0.019047619,15.427865
0.019160998,15.428340
0.019274376,15.428816
0.019387755,15.429293
0.019501134,15.429768
0.019614512,15.430244
0.019727891,15.430719
0.019841270,15.431196
0.019954649,15.431673
0.020068027,15.432150
0.020181406,15.432625
0.020294785,15.433102
0.020408163,15.433578
0.020521542,15.434055
0.020634921,15.434534
0.020748299,15.435011
0.020861678,15.435488
0.020975057,15.435966
0.021088435,15.436445
0.021201814,15.436926
0.021315193,15.437405
0.021428571,15.437885
0.021541950,15.438366
0.021655329,15.438848
0.021768707,15.439330
0.021882086,15.439812
0.021995465,15.440296
0.022108844,15.440780
0.022222222,15.441266
0.022335601,15.441751
0.022448980,15.442239
0.022562358,15.442726
0.022675737,15.443216
0.022789116,15.443706
0.022902494,15.444196
0.023015873,15.444689
0.023129252,15.445182
0.023242630,15.445677
0.023356009,15.446171
0.023469388,15.446666
0.023582766,15.447162
0.023696145,15.447660
0.023809524,15.448158
0.023922902,15.448657
0.024036281,15.449157
0.024149660,15.449656
0.024263039,15.450158
0.024376417,15.450660
0.024489796,15.451163
0.024603175,15.451665
0.024716553,15.452170
0.024829932,15.452674
0.024943311,15.453179
0.025056689,15.453684
0.025170068,15.454189
0.025283447,15.454697
0.025396825,15.455204
0.025510204,15.455710
0.025623583,15.456220
0.025736961,15.456728
0.025850340,15.457239
0.025963719,15.457747
0.026077098,15.458258
0.026190476,15.458771
0.026303855,15.459281
0.026417234,15.459793
0.026530612,15.460305
0.026643991,15.460820
0.026757370,15.461332
0.026870748,15.461846
0.026984127,15.462362
0.027097506,15.462876
0.027210884,15.463392
0.027324263,15.463908
0.027437642,15.464424
0.027551020,15.464940
0.027664399,15.465456
0.027777778,15.465973
0.027891156,15.466489
0.028004535,15.467007
0.028117914,15.467523
0.028231293,15.468040
0.028344671,15.468556
0.028458050,15.469072
0.028571429,15.469588
0.028684807,15.470104
0.028798186,15.470618
0.028911565,15.471132
0.029024943,15.471646
0.029138322,15.472158
0.029251701,15.472671
0.029365079,15.473182
0.029478458,15.473692
0.029591837,15.474201
0.029705215,15.474708
0.029818594,15.475213
0.029931973,15.475718
0.030045351,15.476220
0.030158730,15.476722
0.030272109,15.477220
0.030385488,15.477718
0.030498866,15.478212
0.030612245,15.478705
0.030725624,15.479197
0.030839002,15.479684
0.030952381,15.480170
0.031065760,15.480652
0.031179138,15.481133
0.031292517,15.481609
0.031405896,15.482082
0.031519274,15.482553
0.031632653,15.483021
0.031746032,15.483483
0.031859410,15.483944
0.031972789,15.484400
0.032086168,15.484854
0.032199546,15.485302
0.032312925,15.485745
0.032426304,15.486187
0.032539683,15.486623
0.032653061,15.487054
0.032766440,15.487481
0.032879819,15.487905
0.032993197,15.488321
0.033106576,15.488736
0.033219955,15.489144
0.033333333,15.489546
0.033446712,15.489945
0.033560091,15.490338
0.033673469,15.490726
0.033786848,15.491108
0.033900227,15.491484
0.034013605,15.491857
0.034126984,15.492222
0.034240363,15.492579
0.034353741,15.492934
0.034467120,15.493281
0.034580499,15.493622
0.034693878,15.493957
0.034807256,15.494285
0.034920635,15.494606
0.035034014,15.494922
0.035147392,15.495230
0.035260771,15.495531
0.035374150,15.495826
0.035487528,15.496113
0.035600907,15.496393
0.035714286,15.496664
0.035827664,15.496930
0.035941043,15.497187
0.036054422,15.497437
0.036167800,15.497680
0.036281179,15.497914
0.036394558,15.498142
0.036507937,15.498361
0.036621315,15.498571
0.036734694,15.498775
0.036848073,15.498972
0.036961451,15.499160
0.037074830,15.499339
0.037188209,15.499511
0.037301587,15.499676
0.037414966,15.499832
0.037528345,15.499981
0.037641723,15.500123
0.037755102,15.500257
0.037868481,15.500383
0.037981859,15.500503
0.038095238,15.500614
0.038208617,15.500718
0.038321995,15.500816
0.038435374,15.500905
0.038548753,15.500988
0.038662132,15.501064
0.038775510,15.501133
0.038888889,15.501195
0.039002268,15.501252
0.039115646,15.501302
0.039229025,15.501345
0.039342404,15.501382
0.039455782,15.501411
0.039569161,15.501436
0.039682540,15.501454
0.039795918,15.501469
0.039909297,15.501475
0.040022676,15.501477
0.040136054,15.501473
0.040249433,15.501465
0.040362812,15.501451
0.040476190,15.501433
0.040589569,15.501409
0.040702948,15.501380
0.040816327,15.501346
0.040929705,15.501308
0.041043084,15.501268
0.041156463,15.501222
0.041269841,15.501170
0.041383220,15.501118
0.041496599,15.501059
0.041609977,15.500998
0.041723356,15.500935
0.041836735,15.500866
0.041950113,15.500796
0.042063492,15.500722
0.042176871,15.500646
0.042290249,15.500567
0.042403628,15.500486
0.042517007,15.500404
0.042630385,15.500319
0.042743764,15.500235
0.042857143,15.500146
0.042970522,15.500057
0.043083900,15.499969
0.043197279,15.499878
0.043310658,15.499787
0.043424036,15.499698
0.043537415,15.499605
0.043650794,15.499515
0.043764172,15.499424
0.043877551,15.499335
0.043990930,15.499247
0.044104308,15.499160
0.044217687,15.499073
0.044331066,15.498990
0.044444444,15.498907
0.044557823,15.498827
0.044671202,15.498749
0.044784580,15.498672
0.044897959,15.498600
0.045011338,15.498530
0.045124717,15.498464
0.045238095,15.498398
0.045351474,15.498338
0.045464853,15.498280
0.045578231,15.498226
0.045691610,15.498175
0.045804989,15.498127
0.045918367,15.498082
0.046031746,15.498043
0.046145125,15.498008
0.046258503,15.497974
0.046371882,15.497946
0.046485261,15.497923
0.046598639,15.497902
0.046712018,15.497886
0.046825397,15.497873
0.046938776,15.497865
0.047052154,15.497861
0.047165533,15.497861
0.047278912,15.497865
0.047392290,15.497871
0.047505669,15.497884
0.047619048,15.497900
0.047732426,15.497921
0.047845805,15.497946
0.047959184,15.497974
0.048072562,15.498006
0.048185941,15.498043
0.048299320,15.498084
0.048412698,15.498130
0.048526077,15.498179
0.048639456,15.498233
0.048752834,15.498292
0.048866213,15.498354
0.048979592,15.498421
0.049092971,15.498492
0.049206349,15.498567
0.049319728,15.498646
0.049433107,15.498732
0.049546485,15.498818
0.049659864,15.498910
0.049773243,15.499008
0.049886621,15.499107
0.050000000,15.499211
0.050113379,15.499322
0.050226757,15.499435
0.050340136,15.499550
0.050453515,15.499673
0.050566893,15.499797
0.050680272,15.499925
0.050793651,15.500057
0.050907029,15.500194
0.051020408,15.500332
0.051133787,15.500476
0.051247166,15.500621
0.051360544,15.500770
0.051473923,15.500922
0.051587302,15.501077
0.051700680,15.501236
0.051814059,15.501395
0.051927438,15.501559
0.052040816,15.501725
0.052154195,15.501894
0.052267574,15.502064
0.052380952,15.502236
0.052494331,15.502412
0.052607710,15.502587
0.052721088,15.502765
0.052834467,15.502945
0.052947846,15.503126
0.053061224,15.503308
0.053174603,15.503493
0.053287982,15.503677
0.053401361,15.503863
0.053514739,15.504051
0.053628118,15.504241
0.053741497,15.504431
0.053854875,15.504622
0.053968254,15.504813
0.054081633,15.505007
0.054195011,15.505200
0.054308390,15.505395
0.054421769,15.505590
0.054535147,15.505785
0.054648526,15.505982
0.054761905,15.506179
0.054875283,15.506377
0.054988662,15.506576
0.055102041,15.506774
0.055215420,15.506973
0.055328798,15.507172
0.055442177,15.507372
0.055555556,15.507570
0.055668934,15.507771
0.055782313,15.507971
0.055895692,15.508171
0.056009070,15.508371
0.056122449,15.508572
0.056235828,15.508774
0.056349206,15.508974
0.056462585,15.509173
0.056575964,15.509374
0.056689342,15.509574
0.056802721,15.509772
0.056916100,15.509971
0.057029478,15.510169
0.057142857,15.510367
0.057256236,15.510565
0.057369615,15.510761
0.057482993,15.510957
0.057596372,15.511149
0.057709751,15.511345
0.057823129,15.511537
0.057936508,15.511727
0.058049887,15.511919
0.058163265,15.512107
0.058276644,15.512297
0.058390023,15.512483
0.058503401,15.512669
0.058616780,15.512856
0.058730159,15.513038
0.058843537,15.513222
0.058956916,15.513405
0.059070295,15.513585
0.059183673,15.513766
0.059297052,15.513947
0.059410431,15.514126
0.059523810,15.514305
0.059637188,15.514482
0.059750567,15.514662
0.059863946,15.514839
0.059977324,15.515017
0.060090703,15.515193
0.060204082,15.515370
0.060317460,15.515548
0.060430839,15.515727
0.060544218,15.515904
0.060657596,15.516084
0.060770975,15.516262
0.060884354,15.516443
0.060997732,15.516624
0.061111111,15.516807
0.061224490,15.516991
0.061337868,15.517176
0.061451247,15.517362
0.061564626,15.517550
0.061678005,15.517739
0.061791383,15.517931
0.061904762,15.518124
0.062018141,15.518321
0.062131519,15.518517
0.062244898,15.518718
0.062358277,15.518920
0.062471655,15.519126
0.062585034,15.519333
0.062698413,15.519544
0.062811791,15.519756
0.062925170,15.519973
0.063038549,15.520191
0.063151927,15.520414
0.063265306,15.520639
0.063378685,15.520868
0.063492063,15.521100
0.063605442,15.521337
0.063718821,15.521576
0.063832200,15.521818
0.063945578,15.522066
0.064058957,15.522318
0.064172336,15.522573
0.064285714,15.522833
0.064399093,15.523097
0.064512472,15.523366
0.064625850,15.523639
0.064739229,15.523917
0.064852608,15.524201
0.064965986,15.524488
0.065079365,15.524782
0.065192744,15.525082
0.065306122,15.525387
0.065419501,15.525698
0.065532880,15.526012
0.065646259,15.526336
0.065759637,15.526664
0.065873016,15.526999
0.065986395,15.527339
0.066099773,15.527688
0.066213152,15.528043
0.066326531,15.528402
0.066439909,15.528771
0.066553288,15.529147
0.066666667,15.529529
0.066780045,15.529919
0.066893424,15.530315
0.067006803,15.530718
0.067120181,15.531129
0.067233560,15.531549
0.067346939,15.531975
0.067460317,15.532409
0.067573696,15.532850
0.067687075,15.533300
0.067800454,15.533756
0.067913832,15.534221
0.068027211,15.534695
0.068140590,15.535172
0.068253968,15.535661
0.068367347,15.536157
0.068480726,15.536658
0.068594104,15.537169
0.068707483,15.537686
0.068820862,15.538214
0.068934240,15.538745
0.069047619,15.539286
0.069160998,15.539834
0.069274376,15.540388
0.069387755,15.540951
0.069501134,15.541519
0.069614512,15.542096
0.069727891,15.542679
0.069841270,15.543269
0.069954649,15.543867
0.070068027,15.544471
0.070181406,15.545083
0.070294785,15.545700
0.070408163,15.546326
0.070521542,15.546957
0.070634921,15.547595
0.070748299,15.548241
0.070861678,15.548891
0.070975057,15.549548
0.071088435,15.550214
0.071201814,15.550885
0.071315193,15.551562
0.071428571,15.552247
0.071541950,15.552938
0.071655329,15.553635
0.071768707,15.554338
0.071882086,15.555048
0.071995465,15.555764
0.072108844,15.556487
0.072222222,15.557216
0.072335601,15.557952
0.072448980,15.558695
0.072562358,15.559443
0.072675737,15.560196
0.072789116,15.560957
0.072902494,15.561723
0.073015873,15.562493
0.073129252,15.563272
0.073242630,15.564054
0.073356009,15.564842
0.073469388,15.565637
0.073582766,15.566436
0.073696145,15.567241
0.073809524,15.568051
0.073922902,15.568867
0.074036281,15.569686
0.074149660,15.570510
0.074263039,15.571338
0.074376417,15.572171
0.074489796,15.573008
0.074603175,15.573850
0.074716553,15.574696
0.074829932,15.575545
0.074943311,15.576400
0.075056689,15.577255
0.075170068,15.578115
0.075283447,15.578980
0.075396825,15.579847
0.075510204,15.580718
0.075623583,15.581591
0.075736961,15.582468
0.075850340,15.583347
0.075963719,15.584229
0.076077098,15.585113
0.076190476,15.586001
0.076303855,15.586889
0.076417234,15.587781
0.076530612,15.588676
0.076643991,15.589573
0.076757370,15.590470
0.076870748,15.591372
0.076984127,15.592275
0.077097506,15.593179
0.077210884,15.594087
0.077324263,15.594995
0.077437642,15.595905
0.077551020,15.596817
0.077664399,15.597732
0.077777778,15.598648
0.077891156,15.599565
0.078004535,15.600485
0.078117914,15.601405
0.078231293,15.602326
0.078344671,15.603252
0.078458050,15.604177
0.078571429,15.605103
0.078684807,15.606031
0.078798186,15.606961
0.078911565,15.607891
0.079024943,15.608822
0.079138322,15.609755
0.079251701,15.610689
0.079365079,15.611623
0.079478458,15.612557
0.079591837,15.613494
0.079705215,15.614429
0.079818594,15.615366
0.079931973,15.616302
0.080045351,15.617240
0.080158730,15.618177
0.080272109,15.619113
0.080385488,15.620051
0.080498866,15.620989
0.080612245,15.621926
0.080725624,15.622865
0.080839002,15.623800
0.080952381,15.624739
0.081065760,15.625676
0.081179138,15.626613
0.081292517,15.627548
0.081405896,15.628485
0.081519274,15.629420
0.081632653,15.630357
0.081746032,15.631292
0.081859410,15.632229
0.081972789,15.633164
0.082086168,15.634101
0.082199546,15.635038
0.082312925,15.635975
0.082426304,15.636912
0.082539683,15.637850
0.082653061,15.638790
0.082766440,15.639728
0.082879819,15.640669
0.082993197,15.641610
0.083106576,15.642551
0.083219955,15.643495
0.083333333,15.644440
0.083446712,15.645387
0.083560091,15.646333
0.083673469,15.647282
0.083786848,15.648232
0.083900227,15.649183
0.084013605,15.650136
0.084126984,15.651092
0.084240363,15.652047
0.084353741,15.653006
0.084467120,15.653965
0.084580499,15.654925
0.084693878,15.655890
0.084807256,15.656855
0.084920635,15.657821
0.085034014,15.658791
0.085147392,15.659760
0.085260771,15.660733
0.085374150,15.661707
0.085487528,15.662683
0.085600907,15.663660
0.085714286,15.664640
0.085827664,15.665623
0.085941043,15.666607
0.086054422,15.667592
0.086167800,15.668580
0.086281179,15.669569
0.086394558,15.670562
0.086507937,15.671555
0.086621315,15.672551
0.086734694,15.673549
0.086848073,15.674551
0.086961451,15.675552
0.087074830,15.676558
0.087188209,15.677567
0.087301587,15.678576
0.087414966,15.679589
0.087528345,15.680605
0.087641723,15.681623
0.087755102,15.682644
0.087868481,15.683668
0.087981859,15.684694
0.088095238,15.685723
0.088208617,15.686754
0.088321995,15.687790
0.088435374,15.688827
0.088548753,15.689868
0.088662132,15.690912
0.088775510,15.691959
0.088888889,15.693009
0.089002268,15.694060
0.089115646,15.695117
0.089229025,15.696174
0.089342404,15.697235
0.089455782,15.698299
0.089569161,15.699367
0.089682540,15.700436
0.089795918,15.701508
0.089909297,15.702582
0.090022676,15.703658
0.090136054,15.704740
0.090249433,15.705821
0.090362812,15.706906
0.090476190,15.707993
0.090589569,15.709083
0.090702948,15.710174
0.090816327,15.711267
0.090929705,15.712364
0.091043084,15.713462
0.091156463,15.714561
0.091269841,15.715662
0.091383220,15.716766
0.091496599,15.717871
0.091609977,15.718977
0.091723356,15.720085
0.091836735,15.721195
0.091950113,15.722304
0.092063492,15.723416
0.092176871,15.724529
0.092290249,15.725645
0.092403628,15.726760
0.092517007,15.727875
0.092630385,15.728993
0.092743764,15.730110
0.092857143,15.731229
0.092970522,15.732349
0.093083900,15.733468
0.093197279,15.734589
0.093310658,15.735710
0.093424036,15.736831
0.093537415,15.737953
0.093650794,15.739076
0.093764172,15.740196
0.093877551,15.741320
0.093990930,15.742442
0.094104308,15.743564
0.094217687,15.744684
0.094331066,15.745807
0.094444444,15.746929
0.094557823,15.748050
0.094671202,15.749169
0.094784580,15.750290
0.094897959,15.751409
0.095011338,15.752527
0.095124717,15.753644
0.095238095,15.754760
0.095351474,15.755875
0.095464853,15.756988
0.095578231,15.758101
0.095691610,15.759211
0.095804989,15.760321
0.095918367,15.761427
0.096031746,15.762533
0.096145125,15.763636
0.096258503,15.764737
0.096371882,15.765834
0.096485261,15.766932
0.096598639,15.768023
0.096712018,15.769114
0.096825397,15.770203
0.096938776,15.771285
0.097052154,15.772367
0.097165533,15.773445
0.097278912,15.774517
0.097392290,15.775588
0.097505669,15.776655
0.097619048,15.777718
0.097732426,15.778777
0.097845805,15.779830
0.097959184,15.780882
0.098072562,15.781927
0.098185941,15.782969
0.098299320,15.784009
0.098412698,15.785043
0.098526077,15.786071
0.098639456,15.787095
0.098752834,15.788115
0.098866213,15.789130
0.098979592,15.790141
0.099092971,15.791146
0.099206349,15.792148
0.099319728,15.793144
0.099433107,15.794135
0.099546485,15.795122
0.099659864,15.796104
0.099773243,15.797081
0.099886621,15.798053
0.100000000,15.799021
0.100113379,15.799984
0.100226757,15.800941
0.100340136,15.801894
0.100453515,15.802841
0.100566893,15.803784
0.100680272,15.804722
0.100793651,15.805653
0.100907029,15.806581
0.101020408,15.807502
0.101133787,15.808418
0.101247166,15.809330
0.101360544,15.810236
0.101473923,15.811134
0.101587302,15.812030
0.101700680,15.812918
0.101814059,15.813801
0.101927438,15.814678
0.102040816,15.815549
0.102154195,15.816414
0.102267574,15.817272
0.102380952,15.818125
0.102494331,15.818972
0.102607710,15.819813
0.102721088,15.820645
0.102834467,15.821473
0.102947846,15.822296
0.103061224,15.823110
0.103174603,15.823918
0.103287982,15.824721
0.103401361,15.825518
0.103514739,15.826306
0.103628118,15.827088
0.103741497,15.827865
0.103854875,15.828634
0.103968254,15.829396
0.104081633,15.830152
0.104195011,15.830901
0.104308390,15.831646
0.104421769,15.832381
0.104535147,15.833112
0.104648526,15.833836
0.104761905,15.834553
0.104875283,15.835264
0.104988662,15.835968
0.105102041,15.836666
0.105215420,15.837358
0.105328798,15.838044
0.105442177,15.838723
0.105555556,15.839396
0.105668934,15.840063
0.105782313,15.840722
0.105895692,15.841376
0.106009070,15.842024
0.106122449,15.842666
0.106235828,15.843302
0.106349206,15.843931
0.106462585,15.844554
0.106575964,15.845171
0.106689342,15.845780
0.106802721,15.846385
0.106916100,15.846984
0.107029478,15.847576
0.107142857,15.848162
0.107256236,15.848741
0.107369615,15.849316
0.107482993,15.849883
0.107596372,15.850443
0.107709751,15.850998
0.107823129,15.851547
0.107936508,15.852090
0.108049887,15.852627
0.108163265,15.853157
0.108276644,15.853680
0.108390023,15.854199
0.108503401,15.854712
0.108616780,15.855217
0.108730159,15.855719
0.108843537,15.856214
0.108956916,15.856703
0.109070295,15.857184
0.109183673,15.857663
0.109297052,15.858135
0.109410431,15.858603
0.109523810,15.859066
0.109637188,15.859521
0.109750567,15.859973
0.109863946,15.860420
0.109977324,15.860862
0.110090703,15.861300
0.110204082,15.861732
0.110317460,15.862160
0.110430839,15.862583
0.110544218,15.863003
0.110657596,15.863418
0.110770975,15.863828
0.110884354,15.864233
0.110997732,15.864635
0.111111111,15.865033
0.111224490,15.865427
0.111337868,15.865815
0.111451247,15.866201
0.111564626,15.866583
0.111678005,15.866960
0.111791383,15.867332
0.111904762,15.867701
0.112018141,15.868068
0.112131519,15.868428
0.112244898,15.868786
0.112358277,15.869139
0.112471655,15.869488
0.112585034,15.869832
0.112698413,15.870173
0.112811791,15.870509
0.112925170,15.870841
0.113038549,15.871169
0.113151927,15.871491
0.113265306,15.871809
0.113378685,15.872123
0.113492063,15.872431
0.113605442,15.872736
0.113718821,15.873034
0.113832200,15.873328
0.113945578,15.873617
0.114058957,15.873902
0.114172336,15.874181
0.114285714,15.874454
0.114399093,15.874722
0.114512472,15.874986
0.114625850,15.875242
0.114739229,15.875494
0.114852608,15.875741
0.114965986,15.875982
0.115079365,15.876218
0.115192744,15.876447
0.115306122,15.876672
0.115419501,15.876889
0.115532880,15.877102
0.115646259,15.877308
0.115759637,15.877508
0.115873016,15.877704
0.115986395,15.877892
0.116099773,15.878076
0.116213152,15.878251
0.116326531,15.878421
0.116439909,15.878586
0.116553288,15.878744
0.116666667,15.878895
0.116780045,15.879038
0.116893424,15.879176
0.117006803,15.879308
0.117120181,15.879432
0.117233560,15.879549
0.117346939,15.879659
0.117460317,15.879762
0.117573696,15.879855
0.117687075,15.879944
0.117800454,15.880024
0.117913832,15.880096
0.118027211,15.880162
0.118140590,15.880219
0.118253968,15.880267
0.118367347,15.880307
0.118480726,15.880340
0.118594104,15.880363
0.118707483,15.880379
0.118820862,15.880383
0.118934240,15.880382
0.119047619,15.880371
0.119160998,15.880352
0.119274376,15.880322
0.119387755,15.880284
0.119501134,15.880237
0.119614512,15.880179
0.119727891,15.880115
0.119841270,15.880040
0.119954649,15.879954
0.120068027,15.879863
0.120181406,15.879758
0.120294785,15.879646
0.120408163,15.879524
0.120521542,15.879391
0.120634921,15.879249
0.120748299,15.879098
0.120861678,15.878937
0.120975057,15.878767
0.121088435,15.878588
0.121201814,15.878396
0.121315193,15.878198
0.121428571,15.877989
0.121541950,15.877769
0.121655329,15.877540
0.121768707,15.877302
0.121882086,15.877054
0.121995465,15.876798
0.122108844,15.876530
0.122222222,15.876251
0.122335601,15.875966
0.122448980,15.875668
0.122562358,15.875361
0.122675737,15.875046
0.122789116,15.874720
0.122902494,15.874385
0.123015873,15.874039
0.123129252,15.873684
0.123242630,15.873319
0.123356009,15.872945
0.123469388,15.872561
0.123582766,15.872165
0.123696145,15.871762
0.123809524,15.871347
0.123922902,15.870924
0.124036281,15.870491
0.124149660,15.870049
0.124263039,15.869595
0.124376417,15.869132
0.124489796,15.868660
0.124603175,15.868178
0.124716553,15.867687
0.124829932,15.867186
0.124943311,15.866673
0.125056689,15.866152
0.125170068,15.865622
0.125283447,15.865083
0.125396825,15.864533
0.125510204,15.863975
0.125623583,15.863405
0.125736961,15.862829
0.125850340,15.862243
0.125963719,15.861647
0.126077098,15.861042
0.126190476,15.860427
0.126303855,15.859805
0.126417234,15.859174
0.126530612,15.858534
0.126643991,15.857887
0.126757370,15.857229
0.126870748,15.856565
0.126984127,15.855890
0.127097506,15.855208
0.127210884,15.854519
0.127324263,15.853822
0.127437642,15.853116
0.127551020,15.852404
0.127664399,15.851682
0.127777778,15.850955
0.127891156,15.850220
0.128004535,15.849477
0.128117914,15.848726
0.128231293,15.847970
0.128344671,15.847207
0.128458050,15.846437
0.128571429,15.845660
0.128684807,15.844876
0.128798186,15.844086
0.128911565,15.843289
0.129024943,15.842486
0.129138322,15.841678
0.129251701,15.840862
0.129365079,15.840042
0.129478458,15.839215
0.129591837,15.838383
0.129705215,15.837543
0.129818594,15.836700
0.129931973,15.835849
0.130045351,15.834994
0.130158730,15.834133
0.130272109,15.833268
0.130385488,15.832396
0.130498866,15.831518
0.130612245,15.830637
0.130725624,15.829749
0.130839002,15.828857
0.130952381,15.827960
0.131065760,15.827060
0.131179138,15.826154
0.131292517,15.825242
0.131405896,15.824326
0.131519274,15.823406
0.131632653,15.822482
0.131746032,15.821553
0.131859410,15.820621
0.131972789,15.819685
0.132086168,15.818744
0.132199546,15.817799
0.132312925,15.816850
0.132426304,15.815900
0.132539683,15.814944
0.132653061,15.813985
0.132766440,15.813025
0.132879819,15.812059
0.132993197,15.811093
0.133106576,15.810122
0.133219955,15.809149
0.133333333,15.808174
0.133446712,15.807197
0.133560091,15.806215
0.133673469,15.805233
0.133786848,15.804247
0.133900227,15.803260
0.134013605,15.802271
0.134126984,15.801278
0.134240363,15.800283
0.134353741,15.799289
0.134467120,15.798290
0.134580499,15.797291
0.134693878,15.796289
0.134807256,15.795285
0.134920635,15.794279
0.135034014,15.793272
0.135147392,15.792263
0.135260771,15.791252
0.135374150,15.790240
0.135487528,15.789227
0.135600907,15.788210
0.135714286,15.787192
0.135827664,15.786175
0.135941043,15.785154
0.136054422,15.784131
0.136167800,15.783107
0.136281179,15.782080
0.136394558,15.781054
0.136507937,15.780024
0.136621315,15.778992
0.136734694,15.777960
0.136848073,15.776926
0.136961451,15.775891
0.137074830,15.774854
0.137188209,15.773815
0.137301587,15.772777
0.137414966,15.771734
0.137528345,15.770692
0.137641723,15.769648
0.137755102,15.768603
0.137868481,15.767557
0.137981859,15.766509
0.138095238,15.765460
0.138208617,15.764410
0.138321995,15.763357
0.138435374,15.762306
0.138548753,15.761251
0.138662132,15.760197
0.138775510,15.759142
0.138888889,15.758085
0.139002268,15.757027
0.139115646,15.755966
0.139229025,15.754907
0.139342404,15.753844
0.139455782,15.752781
0.139569161,15.751716
0.139682540,15.750648
0.139795918,15.749579
0.139909297,15.748510
0.140022676,15.747437
0.140136054,15.746366
0.140249433,15.745289
0.140362812,15.744211
0.140476190,15.743132
0.140589569,15.742048
0.140702948,15.740963
0.140816327,15.739877
0.140929705,15.738789
0.141043084,15.737695
0.141156463,15.736599
0.141269841,15.735501
0.141383220,15.734401
0.141496599,15.733296
0.141609977,15.732188
0.141723356,15.731078
0.141836735,15.729965
0.141950113,15.728847
0.142063492,15.727726
0.142176871,15.726602
0.142290249,15.725476
0.142403628,15.724345
0.142517007,15.723210
0.142630385,15.722073
0.142743764,15.720931
0.142857143,15.719786
0.142970522,15.718637
0.143083900,15.717484
0.143197279,15.716329
0.143310658,15.715169
0.143424036,15.714006
0.143537415,15.712840
0.143650794,15.711670
0.143764172,15.710496
0.143877551,15.709319
0.143990930,15.708140
0.144104308,15.706956
0.144217687,15.705770
0.144331066,15.704578
0.144444444,15.703385
0.144557823,15.702188
0.144671202,15.700989
0.144784580,15.699786
0.144897959,15.698581
0.145011338,15.697371
0.145124717,15.696159
0.145238095,15.694945
0.145351474,15.693727
0.145464853,15.692506
0.145578231,15.691282
0.145691610,15.690054
0.145804989,15.688826
0.145918367,15.687592
0.146031746,15.686356
0.146145125,15.685119
0.146258503,15.683876
0.146371882,15.682631
0.146485261,15.681385
0.146598639,15.680133
0.146712018,15.678880
0.146825397,15.677625
0.146938776,15.676366
0.147052154,15.675104
0.147165533,15.673840
0.147278912,15.672574
0.147392290,15.671305
0.147505669,15.670033
0.147619048,15.668759
0.147732426,15.667482
0.147845805,15.666204
0.147959184,15.664923
0.148072562,15.663641
0.148185941,15.662355
0.148299320,15.661069
0.148412698,15.659780
0.148526077,15.658491
0.148639456,15.657199
0.148752834,15.655906
0.148866213,15.654611
0.148979592,15.653316
0.149092971,15.652019
0.149206349,15.650723
0.149319728,15.649423
0.149433107,15.648126
0.149546485,15.646826
0.149659864,15.645526
0.149773243,15.644229
0.149886621,15.642929
0.150000000,15.641630
0.150113379,15.640330
0.150226757,15.639032
0.150340136,15.637733
0.150453515,15.636436
0.150566893,15.635139
0.150680272,15.633843
0.150793651,15.632547
0.150907029,15.631253
0.151020408,15.629959
0.151133787,15.628667
0.151247166,15.627377
0.151360544,15.626087
0.151473923,15.624799
0.151587302,15.623511
0.151700680,15.622227
0.151814059,15.620943
0.151927438,15.619659
0.152040816,15.618380
0.152154195,15.617102
0.152267574,15.615825
0.152380952,15.614551
0.152494331,15.613277
0.152607710,15.612006
0.152721088,15.610737
0.152834467,15.609471
0.152947846,15.608207
0.153061224,15.606945
0.153174603,15.605686
0.153287982,15.604429
0.153401361,15.603176
0.153514739,15.601924
0.153628118,15.600677
0.153741497,15.599432
0.153854875,15.598189
0.153968254,15.596951
0.154081633,15.595716
0.154195011,15.594483
0.154308390,15.593257
0.154421769,15.592032
0.154535147,15.590813
0.154648526,15.589596
0.154761905,15.588384
0.154875283,15.587174
0.154988662,15.585971
0.155102041,15.584770
0.155215420,15.583576
0.155328798,15.582384
0.155442177,15.581199
0.155555556,15.580016
0.155668934,15.578838
0.155782313,15.577665
0.155895692,15.576497
0.156009070,15.575334
0.156122449,15.574175
0.156235828,15.573021
0.156349206,15.571872
0.156462585,15.570726
0.156575964,15.569587
0.156689342,15.568452
0.156802721,15.567323
0.156916100,15.566197
0.157029478,15.565075
0.157142857,15.563960
0.157256236,15.562848
0.157369615,15.561740
0.157482993,15.560637
0.157596372,15.559540
0.157709751,15.558446
0.157823129,15.557358
0.157936508,15.556273
0.158049887,15.555191
0.158163265,15.554115
0.158276644,15.553042
0.158390023,15.551973
0.158503401,15.550910
0.158616780,15.549850
0.158730159,15.548794
0.158843537,15.547740
0.158956916,15.546691
0.159070295,15.545647
0.159183673,15.544606
0.159297052,15.543569
0.159410431,15.542536
0.159523810,15.541506
0.159637188,15.540479
0.159750567,15.539457
0.159863946,15.538439
0.159977324,15.537422
0.160090703,15.536410
0.160204082,15.535401
0.160317460,15.534396
0.160430839,15.533393
0.160544218,15.532395
0.160657596,15.531399
0.160770975,15.530406
0.160884354,15.529417
0.160997732,15.528431
0.161111111,15.527449
0.161224490,15.526468
0.161337868,15.525490
0.161451247,15.524517
0.161564626,15.523545
0.161678005,15.522575
0.161791383,15.521609
0.161904762,15.520645
0.162018141,15.519684
0.162131519,15.518723
0.162244898,15.517768
0.162358277,15.516812
0.162471655,15.515860
0.162585034,15.514910
0.162698413,15.513960
0.162811791,15.513013
0.162925170,15.512068
0.163038549,15.511125
0.163151927,15.510181
0.163265306,15.509242
0.163378685,15.508303
0.163492063,15.507363
0.163605442,15.506427
0.163718821,15.505489
0.163832200,15.504555
0.163945578,15.503620
0.164058957,15.502687
0.164172336,15.501754
0.164285714,15.500821
0.164399093,15.499890
0.164512472,15.498961
0.164625850,15.498031
0.164739229,15.497102
0.164852608,15.496175
0.164965986,15.495248
0.165079365,15.494321
0.165192744,15.493395
0.165306122,15.492470
0.165419501,15.491544
0.165532880,15.490623
0.165646259,15.489700
0.165759637,15.488779
0.165873016,15.487859
0.165986395,15.486940
0.166099773,15.486024
0.166213152,15.485107
0.166326531,15.484193
0.166439909,15.483279
0.166553288,15.482368
0.166666667,15.481459
0.166780045,15.480549
0.166893424,15.479644
0.167006803,15.478738
0.167120181,15.477835
0.167233560,15.476933
0.167346939,15.476032
0.167460317,15.475135
0.167573696,15.474240
0.167687075,15.473345
0.167800454,15.472455
0.167913832,15.471564
0.168027211,15.470676
0.168140590,15.469792
0.168253968,15.468911
0.168367347,15.468030
0.168480726,15.467153
0.168594104,15.466278
0.168707483,15.465406
0.168820862,15.464536
0.168934240,15.463669
0.169047619,15.462806
0.169160998,15.461946
0.169274376,15.461087
0.169387755,15.460233
0.169501134,15.459382
0.169614512,15.458534
0.169727891,15.457691
0.169841270,15.456849
0.169954649,15.456012
0.170068027,15.455178
0.170181406,15.454350
0.170294785,15.453525
0.170408163,15.452705
0.170521542,15.451888
0.170634921,15.451077
0.170748299,15.450270
0.170861678,15.449469
0.170975057,15.448672
0.171088435,15.447880
0.171201814,15.447095
0.171315193,15.446315
0.171428571,15.445540
0.171541950,15.444771
0.171655329,15.444008
0.171768707,15.443254
0.171882086,15.442501
0.171995465,15.441758
0.172108844,15.441021
0.172222222,15.440290
0.172335601,15.439568
0.172448980,15.438851
0.172562358,15.438142
0.172675737,15.437438
0.172789116,15.436744
0.172902494,15.436055
0.173015873,15.435375
0.173129252,15.434703
0.173242630,15.434036
0.173356009,15.433378
0.173469388,15.432728
0.173582766,15.432086
0.173696145,15.431452
0.173809524,15.430824
0.173922902,15.430205
0.174036281,15.429595
0.174149660,15.428992
0.174263039,15.428397
0.174376417,15.427811
0.174489796,15.427233
0.174603175,15.426661
0.174716553,15.426100
0.174829932,15.425545
0.174943311,15.424998
0.175056689,15.424461
0.175170068,15.423933
0.175283447,15.423412
0.175396825,15.422899
0.175510204,15.422396
0.175623583,15.421902
0.175736961,15.421417
0.175850340,15.420940
0.175963719,15.420472
0.176077098,15.420015
0.176190476,15.419565
0.176303855,15.419126
0.176417234,15.418694
0.176530612,15.418274
0.176643991,15.417863
0.176757370,15.417460
0.176870748,15.417068
0.176984127,15.416686
0.177097506,15.416313
0.177210884,15.415952
0.177324263,15.415599
0.177437642,15.415256
0.177551020,15.414924
0.177664399,15.414601
0.177777778,15.414289
0.177891156,15.413988
0.178004535,15.413697
0.178117914,15.413415
0.178231293,15.413146
0.178344671,15.412885
0.178458050,15.412635
0.178571429,15.412395
0.178684807,15.412166
0.178798186,15.411947
0.178911565,15.411738
0.179024943,15.411539
0.179138322,15.411351
0.179251701,15.411174
0.179365079,15.411008
0.179478458,15.410850
0.179591837,15.410703
0.179705215,15.410566
0.179818594,15.410439
0.179931973,15.410321
0.180045351,15.410215
0.180158730,15.410118
0.180272109,15.410030
0.180385488,15.409954
0.180498866,15.409887
0.180612245,15.409830
0.180725624,15.409782
0.180839002,15.409743
0.180952381,15.409716
0.181065760,15.409696
0.181179138,15.409687
0.181292517,15.409685
0.181405896,15.409694
0.181519274,15.409714
0.181632653,15.409740
0.181746032,15.409776
0.181859410,15.409822
0.181972789,15.409877
0.182086168,15.409939
0.182199546,15.410011
0.182312925,15.410092
0.182426304,15.410183
0.182539683,15.410281
0.182653061,15.410389
0.182766440,15.410506
0.182879819,15.410630
0.182993197,15.410763
0.183106576,15.410905
0.183219955,15.411056
0.183333333,15.411215
0.183446712,15.411382
0.183560091,15.411557
0.183673469,15.411741
0.183786848,15.411933
0.183900227,15.412133
0.184013605,15.412341
0.184126984,15.412556
0.184240363,15.412779
0.184353741,15.413011
0.184467120,15.413248
0.184580499,15.413495
0.184693878,15.413749
0.184807256,15.414011
0.184920635,15.414278
0.185034014,15.414554
0.185147392,15.414835
0.185260771,15.415124
0.185374150,15.415419
0.185487528,15.415722
0.185600907,15.416030
0.185714286,15.416344
0.185827664,15.416664
0.185941043,15.416992
0.186054422,15.417326
0.186167800,15.417666
0.186281179,15.418014
0.186394558,15.418366
0.186507937,15.418726
0.186621315,15.419091
0.186734694,15.419464
0.186848073,15.419842
0.186961451,15.420226
0.187074830,15.420616
0.187188209,15.421013
0.187301587,15.421417
0.187414966,15.421827
0.187528345,15.422244
0.187641723,15.422668
0.187755102,15.423097
0.187868481,15.423532
0.187981859,15.423976
0.188095238,15.424426
0.188208617,15.424882
0.188321995,15.425346
0.188435374,15.425816
0.188548753,15.426292
0.188662132,15.426777
0.188775510,15.427266
0.188888889,15.427764
0.189002268,15.428269
0.189115646,15.428782
0.189229025,15.429301
0.189342404,15.429828
0.189455782,15.430361
0.189569161,15.430902
0.189682540,15.431450
0.189795918,15.432007
0.189909297,15.432570
0.190022676,15.433139
0.190136054,15.433717
0.190249433,15.434304
0.190362812,15.434896
0.190476190,15.435497
0.190589569,15.436104
0.190702948,15.436719
0.190816327,15.437343
0.190929705,15.437972
0.191043084,15.438610
0.191156463,15.439254
0.191269841,15.439906
0.191383220,15.440567
0.191496599,15.441234
0.191609977,15.441909
0.191723356,15.442592
0.191836735,15.443283
0.191950113,15.443980
0.192063492,15.444686
0.192176871,15.445400
0.192290249,15.446119
0.192403628,15.446850
0.192517007,15.447588
0.192630385,15.448332
0.192743764,15.449085
0.192857143,15.449848
0.192970522,15.450617
0.193083900,15.451397
0.193197279,15.452183
0.193310658,15.452979
0.193424036,15.453784
0.193537415,15.454596
0.193650794,15.455418
0.193764172,15.456247
0.193877551,15.457088
0.193990930,15.457935
0.194104308,15.458794
0.194217687,15.459659
0.194331066,15.460534
0.194444444,15.461419
0.194557823,15.462313
0.194671202,15.463215
0.194784580,15.464128
0.194897959,15.465048
0.195011338,15.465979
0.195124717,15.466918
0.195238095,15.467869
0.195351474,15.468825
0.195464853,15.469793
0.195578231,15.470771
0.195691610,15.471758
0.195804989,15.472753
0.195918367,15.473758
0.196031746,15.474771
0.196145125,15.475795
0.196258503,15.476827
0.196371882,15.477867
0.196485261,15.478918
0.196598639,15.479977
0.196712018,15.481046
0.196825397,15.482121
0.196938776,15.483209
0.197052154,15.484304
0.197165533,15.485407
0.197278912,15.486520
0.197392290,15.487640
0.197505669,15.488770
0.197619048,15.489908
0.197732426,15.491054
0.197845805,15.492209
0.197959184,15.493370
0.198072562,15.494542
0.198185941,15.495721
0.198299320,15.496907
0.198412698,15.498102
0.198526077,15.499306
0.198639456,15.500515
0.198752834,15.501733
0.198866213,15.502959
0.198979592,15.504193
0.199092971,15.505432
0.199206349,15.506680
0.199319728,15.507936
0.199433107,15.509199
0.199546485,15.510468
0.199659864,15.511744
0.199773243,15.513027
0.199886621,15.514318
0.200000000,15.515614
0.200113379,15.516916
0.200226757,15.518225
0.200340136,15.519541
0.200453515,15.520861
0.200566893,15.522187
0.200680272,15.523520
0.200793651,15.524857
0.200907029,15.526200
0.201020408,15.527548
0.201133787,15.528902
0.201247166,15.530259
0.201360544,15.531622
0.201473923,15.532989
0.201587302,15.534361
0.201700680,15.535735
0.201814059,15.537114
0.201927438,15.538497
0.202040816,15.539882
0.202154195,15.541271
0.202267574,15.542663
0.202380952,15.544057
0.202494331,15.545453
0.202607710,15.546852
0.202721088,15.548253
0.202834467,15.549655
0.202947846,15.551059
0.203061224,15.552464
0.203174603,15.553870
0.203287982,15.555278
0.203401361,15.556685
0.203514739,15.558093
0.203628118,15.559503
0.203741497,15.560912
0.203854875,15.562320
0.203968254,15.563729
0.204081633,15.565137
0.204195011,15.566545
0.204308390,15.567952
0.204421769,15.569358
0.204535147,15.570762
0.204648526,15.572166
0.204761905,15.573568
0.204875283,15.574968
0.204988662,15.576367
0.205102041,15.577765
0.205215420,15.579158
0.205328798,15.580551
0.205442177,15.581940
0.205555556,15.583327
0.205668934,15.584712
0.205782313,15.586093
0.205895692,15.587472
0.206009070,15.588848
0.206122449,15.590219
0.206235828,15.591587
0.206349206,15.592952
0.206462585,15.594312
0.206575964,15.595668
0.206689342,15.597021
0.206802721,15.598368
0.206916100,15.599710
0.207029478,15.601048
0.207142857,15.602380
0.207256236,15.603707
0.207369615,15.605030
0.207482993,15.606345
0.207596372,15.607656
0.207709751,15.608960
0.207823129,15.610258
0.207936508,15.611550
0.208049887,15.612836
0.208163265,15.614114
0.208276644,15.615385
0.208390023,15.616651
0.208503401,15.617908
0.208616780,15.619158
0.208730159,15.620400
0.208843537,15.621636
0.208956916,15.622863
0.209070295,15.624083
0.209183673,15.625295
0.209297052,15.626499
0.209410431,15.627694
0.209523810,15.628881
0.209637188,15.630060
0.209750567,15.631232
0.209863946,15.632395
0.209977324,15.633550
0.210090703,15.634694
0.210204082,15.635833
0.210317460,15.636960
0.210430839,15.638081
0.210544218,15.639192
0.210657596,15.640295
0.210770975,15.641389
0.210884354,15.642475
0.210997732,15.643552
0.211111111,15.644619
0.211224490,15.645677
0.211337868,15.646727
0.211451247,15.647767
0.211564626,15.648799
0.211678005,15.649822
0.211791383,15.650836
0.211904762,15.651841
0.212018141,15.652838
0.212131519,15.653823
0.212244898,15.654801
0.212358277,15.655769
0.212471655,15.656731
0.212585034,15.657681
0.212698413,15.658622
0.212811791,15.659554
0.212925170,15.660479
0.213038549,15.661391
0.213151927,15.662297
0.213265306,15.663194
0.213378685,15.664081
0.213492063,15.664960
0.213605442,15.665829
0.213718821,15.666688
0.213832200,15.667541
0.213945578,15.668383
0.214058957,15.669218
0.214172336,15.670044
0.214285714,15.670861
0.214399093,15.671670
0.214512472,15.672469
0.214625850,15.673262
0.214739229,15.674047
0.214852608,15.674822
0.214965986,15.675591
0.215079365,15.676352
0.215192744,15.677105
0.215306122,15.677850
0.215419501,15.678589
0.215532880,15.679319
0.215646259,15.680044
0.215759637,15.680760
0.215873016,15.681472
0.215986395,15.682178
0.216099773,15.682876
0.216213152,15.683567
0.216326531,15.684253
0.216439909,15.684932
0.216553288,15.685606
0.216666667,15.686275
0.216780045,15.686937
0.216893424,15.687595
0.217006803,15.688246
0.217120181,15.688892
0.217233560,15.689534
0.217346939,15.690171
0.217460317,15.690802
0.217573696,15.691428
0.217687075,15.692050
0.217800454,15.692665
0.217913832,15.693278
0.218027211,15.693885
0.218140590,15.694488
0.218253968,15.695085
0.218367347,15.695679
0.218480726,15.696267
0.218594104,15.696853
0.218707483,15.697433
0.218820862,15.698009
0.218934240,15.698579
0.219047619,15.699146
0.219160998,15.699709
0.219274376,15.700267
0.219387755,15.700822
0.219501134,15.701373
0.219614512,15.701920
0.219727891,15.702463
0.219841270,15.703002
0.219954649,15.703540
0.220068027,15.704071
0.220181406,15.704601
0.220294785,15.705128
0.220408163,15.705651
0.220521542,15.706170
0.220634921,15.706688
0.220748299,15.707202
0.220861678,15.707714
0.220975057,15.708223
0.221088435,15.708731
0.221201814,15.709234
0.221315193,15.709736
0.221428571,15.710236
0.221541950,15.710733
0.221655329,15.711228
0.221768707,15.711721
0.221882086,15.712212
0.221995465,15.712702
0.222108844,15.713189
0.222222222,15.713675
0.222335601,15.714159
0.222448980,15.714641
0.222562358,15.715121
0.222675737,15.715602
0.222789116,15.716079
0.222902494,15.716554
0.223015873,15.717029
0.223129252,15.717501
0.223242630,15.717972
0.223356009,15.718440
0.223469388,15.718908
0.223582766,15.719373
0.223696145,15.719835
0.223809524,15.720298
0.223922902,15.720757
0.224036281,15.721214
0.224149660,15.721670
0.224263039,15.722124
0.224376417,15.722576
0.224489796,15.723026
0.224603175,15.723473
0.224716553,15.723918
0.224829932,15.724361
0.224943311,15.724803
0.225056689,15.725241
0.225170068,15.725678
0.225283447,15.726112
0.225396825,15.726543
0.225510204,15.726974
0.225623583,15.727402
0.225736961,15.727825
0.225850340,15.728249
0.225963719,15.728669
0.226077098,15.729088
0.226190476,15.729503
0.226303855,15.729916
0.226417234,15.730327
0.226530612,15.730736
0.226643991,15.731142
0.226757370,15.731546
0.226870748,15.731949
0.226984127,15.732347
0.227097506,15.732746
0.227210884,15.733142
0.227324263,15.733536
0.227437642,15.733926
0.227551020,15.734315
0.227664399,15.734702
0.227777778,15.735086
0.227891156,15.735470
0.228004535,15.735850
0.228117914,15.736228
0.228231293,15.736606
0.228344671,15.736979
0.228458050,15.737354
0.228571429,15.737724
0.228684807,15.738093
0.228798186,15.738461
0.228911565,15.738826
0.229024943,15.739189
0.229138322,15.739551
0.229251701,15.739912
0.229365079,15.740271
0.229478458,15.740626
0.229591837,15.740981
0.229705215,15.741336
0.229818594,15.741687
0.229931973,15.742038
0.230045351,15.742387
0.230158730,15.742734
0.230272109,15.743080
0.230385488,15.743424
0.230498866,15.743766
0.230612245,15.744108
0.230725624,15.744449
0.230839002,15.744787
0.230952381,15.745126
0.231065760,15.745462
0.231179138,15.745798
0.231292517,15.746133
0.231405896,15.746468
0.231519274,15.746801
0.231632653,15.747132
0.231746032,15.747464
0.231859410,15.747796
0.231972789,15.748127
0.232086168,15.748457
0.232199546,15.748789
0.232312925,15.749118
0.232426304,15.749448
0.232539683,15.749780
0.232653061,15.750110
0.232766440,15.750441
0.232879819,15.750772
0.232993197,15.751103
0.233106576,15.751437
0.233219955,15.751770
0.233333333,15.752106
0.233446712,15.752442
0.233560091,15.752779
0.233673469,15.753118
0.233786848,15.753456
0.233900227,15.753798
0.234013605,15.754143
0.234126984,15.754486
0.234240363,15.754834
0.234353741,15.755183
0.234467120,15.755536
0.234580499,15.755889
0.234693878,15.756245
0.234807256,15.756605
0.234920635,15.756967
0.235034014,15.757332
0.235147392,15.757699
0.235260771,15.758069
0.235374150,15.758442
0.235487528,15.758818
0.235600907,15.759196
0.235714286,15.759580
0.235827664,15.759966
0.235941043,15.760356
0.236054422,15.760748
0.236167800,15.761145
0.236281179,15.761545
0.236394558,15.761950
0.236507937,15.762358
0.236621315,15.762769
0.236734694,15.763186
0.236848073,15.763606
0.236961451,15.764031
0.237074830,15.764461
0.237188209,15.764893
0.237301587,15.765330
0.237414966,15.765774
0.237528345,15.766220
0.237641723,15.766672
0.237755102,15.767130
0.237868481,15.767591
0.237981859,15.768059
0.238095238,15.768531
0.238208617,15.769010
0.238321995,15.769491
0.238435374,15.769980
0.238548753,15.770473
0.238662132,15.770973
0.238775510,15.771479
0.238888889,15.771989
0.239002268,15.772505
0.239115646,15.773026
0.239229025,15.773555
0.239342404,15.774088
0.239455782,15.774626
0.239569161,15.775171
0.239682540,15.775721
0.239795918,15.776276
0.239909297,15.776837
0.240022676,15.777403
0.240136054,15.777976
0.240249433,15.778554
0.240362812,15.779138
0.240476190,15.779724
0.240589569,15.780318
0.240702948,15.780915
0.240816327,15.781518
0.240929705,15.782126
0.241043084,15.782740
0.241156463,15.783357
0.241269841,15.783978
0.241383220,15.784606
0.241496599,15.785237
0.241609977,15.785873
0.241723356,15.786513
0.241836735,15.787159
0.241950113,15.787807
0.242063492,15.788461
0.242176871,15.789116
0.242290249,15.789778
0.242403628,15.790442
0.242517007,15.791111
0.242630385,15.791780
0.242743764,15.792457
0.242857143,15.793136
0.242970522,15.793818
0.243083900,15.794504
0.243197279,15.795192
0.243310658,15.795885
0.243424036,15.796579
0.243537415,15.797276
0.243650794,15.797976
0.243764172,15.798680
0.243877551,15.799386
0.243990930,15.800096
0.244104308,15.800806
0.244217687,15.801518
0.244331066,15.802234
0.244444444,15.802950
0.244557823,15.803669
0.244671202,15.804389
0.244784580,15.805111
0.244897959,15.805834
0.245011338,15.806559
0.245124717,15.807284
0.245238095,15.808011
0.245351474,15.808738
0.245464853,15.809464
0.245578231,15.810193
0.245691610,15.810920
0.245804989,15.811648
0.245918367,15.812375
0.246031746,15.813103
0.246145125,15.813829
0.246258503,15.814554
0.246371882,15.815277
0.246485261,15.816001
0.246598639,15.816722
0.246712018,15.817442
0.246825397,15.818160
0.246938776,15.818876
0.247052154,15.819591
0.247165533,15.820302
0.247278912,15.821011
0.247392290,15.821718
0.247505669,15.822422
0.247619048,15.823122
0.247732426,15.823821
0.247845805,15.824513
0.247959184,15.825205
0.248072562,15.825893
0.248185941,15.826577
0.248299320,15.827256
0.248412698,15.827933
0.248526077,15.828606
0.248639456,15.829275
0.248752834,15.829941
0.248866213,15.830600
0.248979592,15.831258
0.249092971,15.831910
0.249206349,15.832557
0.249319728,15.833202
0.249433107,15.833840
0.249546485,15.834477
0.249659864,15.835106
0.249773243,15.835732
0.249886621,15.836354
0.250000000,15.836969
0.250113379,15.837581
0.250226757,15.838187
0.250340136,15.838790
0.250453515,15.839386
0.250566893,15.839978
0.250680272,15.840563
0.250793651,15.841145
0.250907029,15.841721
0.251020408,15.842290
0.251133787,15.842855
0.251247166,15.843415
0.251360544,15.843968
0.251473923,15.844517
0.251587302,15.845058
0.251700680,15.845596
0.251814059,15.846128
0.251927438,15.846654
0.252040816,15.847174
0.252154195,15.847688
0.252267574,15.848197
0.252380952,15.848701
0.252494331,15.849198
0.252607710,15.849689
0.252721088,15.850175
0.252834467,15.850657
0.252947846,15.851130
0.253061224,15.851601
0.253174603,15.852065
0.253287982,15.852522
0.253401361,15.852976
0.253514739,15.853423
0.253628118,15.853867
0.253741497,15.854304
0.253854875,15.854736
0.253968254,15.855165
0.254081633,15.855588
0.254195011,15.856008
0.254308390,15.856422
0.254421769,15.856832
0.254535147,15.857240
0.254648526,15.857642
0.254761905,15.858039
0.254875283,15.858435
0.254988662,15.858827
0.255102041,15.859213
0.255215420,15.859597
0.255328798,15.859977
0.255442177,15.860354
0.255555556,15.860728
0.255668934,15.861101
0.255782313,15.861468
0.255895692,15.861833
0.256009070,15.862197
0.256122449,15.862556
0.256235828,15.862914
0.256349206,15.863269
0.256462585,15.863622
0.256575964,15.863973
0.256689342,15.864321
0.256802721,15.864668
0.256916100,15.865012
0.257029478,15.865354
0.257142857,15.865692
0.257256236,15.866031
0.257369615,15.866368
0.257482993,15.866701
0.257596372,15.867035
0.257709751,15.867364
0.257823129,15.867694
0.257936508,15.868020
0.258049887,15.868344
0.258163265,15.868669
0.258276644,15.868990
0.258390023,15.869310
0.258503401,15.869630
0.258616780,15.869947
0.258730159,15.870263
0.258843537,15.870577
0.258956916,15.870891
0.259070295,15.871202
0.259183673,15.871514
0.259297052,15.871824
0.259410431,15.872133
0.259523810,15.872441
0.259637188,15.872748
0.259750567,15.873054
0.259863946,15.873360
0.259977324,15.873663
0.260090703,15.873968
0.260204082,15.874271
0.260317460,15.874573
0.260430839,15.874874
0.260544218,15.875175
0.260657596,15.875477
0.260770975,15.875778
0.260884354,15.876078
0.260997732,15.876377
0.261111111,15.876677
0.261224490,15.876976
0.261337868,15.877276
0.261451247,15.877574
0.261564626,15.877872
0.261678005,15.878169
0.261791383,15.878466
0.261904762,15.878761
0.262018141,15.879056
0.262131519,15.879350
0.262244898,15.879642
0.262358277,15.879935
0.262471655,15.880226
0.262585034,15.880515
0.262698413,15.880802
0.262811791,15.881089
0.262925170,15.881374
0.263038549,15.881657
0.263151927,15.881938
0.263265306,15.882216
0.263378685,15.882493
0.263492063,15.882768
0.263605442,15.883041
0.263718821,15.883312
0.263832200,15.883580
0.263945578,15.883846
0.264058957,15.884109
0.264172336,15.884369
0.264285714,15.884627
0.264399093,15.884883
0.264512472,15.885135
0.264625850,15.885385
0.264739229,15.885632
0.264852608,15.885876
0.264965986,15.886117
0.265079365,15.886354
0.265192744,15.886590
0.265306122,15.886823
0.265419501,15.887052
0.265532880,15.887277
0.265646259,15.887500
0.265759637,15.887719
0.265873016,15.887936
0.265986395,15.888148
0.266099773,15.888358
0.266213152,15.888563
0.266326531,15.888767
0.266439909,15.888966
0.266553288,15.889161
0.266666667,15.889352
0.266780045,15.889541
0.266893424,15.889725
0.267006803,15.889905
0.267120181,15.890080
0.267233560,15.890253
0.267346939,15.890421
0.267460317,15.890584
0.267573696,15.890746
0.267687075,15.890900
0.267800454,15.891052
0.267913832,15.891198
0.268027211,15.891341
0.268140590,15.891479
0.268253968,15.891613
0.268367347,15.891742
0.268480726,15.891866
0.268594104,15.891985
0.268707483,15.892100
0.268820862,15.892210
0.268934240,15.892317
0.269047619,15.892416
0.269160998,15.892511
0.269274376,15.892602
0.269387755,15.892687
0.269501134,15.892767
0.269614512,15.892843
0.269727891,15.892912
0.269841270,15.892978
0.269954649,15.893038
0.270068027,15.893093
0.270181406,15.893143
0.270294785,15.893187
0.270408163,15.893226
0.270521542,15.893260
0.270634921,15.893290
0.270748299,15.893312
0.270861678,15.893332
0.270975057,15.893347
0.271088435,15.893357
0.271201814,15.893360
0.271315193,15.893360
0.271428571,15.893355
0.271541950,15.893347
0.271655329,15.893332
0.271768707,15.893314
0.271882086,15.893290
0.271995465,15.893263
0.272108844,15.893231
0.272222222,15.893194
0.272335601,15.893153
0.272448980,15.893107
0.272562358,15.893058
0.272675737,15.893004
0.272789116,15.892945
0.272902494,15.892883
0.273015873,15.892818
0.273129252,15.892747
0.273242630,15.892673
0.273356009,15.892594
0.273469388,15.892511
0.273582766,15.892425
0.273696145,15.892334
0.273809524,15.892239
0.273922902,15.892139
0.274036281,15.892036
0.274149660,15.891928
0.274263039,15.891816
0.274376417,15.891700
0.274489796,15.891579
0.274603175,15.891455
0.274716553,15.891325
0.274829932,15.891192
0.274943311,15.891054
0.275056689,15.890912
0.275170068,15.890767
0.275283447,15.890616
0.275396825,15.890462
0.275510204,15.890305
0.275623583,15.890141
0.275736961,15.889975
0.275850340,15.889804
0.275963719,15.889628
0.276077098,15.889452
0.276190476,15.889269
0.276303855,15.889081
0.276417234,15.888891
0.276530612,15.888697
0.276643991,15.888499
0.276757370,15.888297
0.276870748,15.888090
0.276984127,15.887881
0.277097506,15.887668
0.277210884,15.887450
0.277324263,15.887230
0.277437642,15.887005
0.277551020,15.886776
0.277664399,15.886544
0.277777778,15.886309
0.277891156,15.886069
0.278004535,15.885826
0.278117914,15.885580
0.278231293,15.885328
0.278344671,15.885075
0.278458050,15.884815
0.278571429,15.884553
0.278684807,15.884288
0.278798186,15.884018
0.278911565,15.883743
0.279024943,15.883465
0.279138322,15.883183
0.279251701,15.882895
0.279365079,15.882605
0.279478458,15.882309
0.279591837,15.882011
0.279705215,15.881706
0.279818594,15.881398
0.279931973,15.881085
0.280045351,15.880769
0.280158730,15.880447
0.280272109,15.880119
0.280385488,15.879788
0.280498866,15.879453
0.280612245,15.879110
0.280725624,15.878765
0.280839002,15.878414
0.280952381,15.878057
0.281065760,15.877698
0.281179138,15.877331
0.281292517,15.876961
0.281405896,15.876583
0.281519274,15.876202
0.281632653,15.875813
0.281746032,15.875422
0.281859410,15.875025
0.281972789,15.874622
0.282086168,15.874214
0.282199546,15.873801
0.282312925,15.873383
0.282426304,15.872959
0.282539683,15.872530
0.282653061,15.872098
0.282766440,15.871658
0.282879819,15.871213
0.282993197,15.870763
0.283106576,15.870309
0.283219955,15.869848
0.283333333,15.869382
0.283446712,15.868910
0.283560091,15.868435
0.283673469,15.867952
0.283786848,15.867465
0.283900227,15.866972
0.284013605,15.866474
0.284126984,15.865969
0.284240363,15.865460
0.284353741,15.864944
0.284467120,15.864423
0.284580499,15.863896
0.284693878,15.863363
0.284807256,15.862824
0.284920635,15.862278
0.285034014,15.861727
0.285147392,15.861168
0.285260771,15.860604
0.285374150,15.860032
0.285487528,15.859454
0.285600907,15.858869
0.285714286,15.858276
0.285827664,15.857677
0.285941043,15.857070
0.286054422,15.856456
0.286167800,15.855834
0.286281179,15.855205
0.286394558,15.854568
0.286507937,15.853923
0.286621315,15.853271
0.286734694,15.852611
0.286848073,15.851943
0.286961451,15.851265
0.287074830,15.850581
0.287188209,15.849890
0.287301587,15.849188
0.287414966,15.848478
0.287528345,15.847762
0.287641723,15.847037
0.287755102,15.846303
0.287868481,15.845560
0.287981859,15.844810
0.288095238,15.844050
0.288208617,15.843283
0.288321995,15.842506
0.288435374,15.841721
0.288548753,15.840928
0.288662132,15.840125
0.288775510,15.839314
0.288888889,15.838492
0.289002268,15.837663
0.289115646,15.836824
0.289229025,15.835977
0.289342404,15.835120
0.289455782,15.834253
0.289569161,15.833378
0.289682540,15.832493
0.289795918,15.831598
0.289909297,15.830694
0.290022676,15.829781
0.290136054,15.828857
0.290249433,15.827923
0.290362812,15.826980
0.290476190,15.826026
0.290589569,15.825064
0.290702948,15.824090
0.290816327,15.823106
0.290929705,15.822112
0.291043084,15.821107
0.291156463,15.820090
0.291269841,15.819066
0.291383220,15.818030
0.291496599,15.816983
0.291609977,15.815927
0.291723356,15.814859
0.291836735,15.813781
0.291950113,15.812693
0.292063492,15.811592
0.292176871,15.810482
0.292290249,15.809361
0.292403628,15.808230
0.292517007,15.807089
0.292630385,15.805937
0.292743764,15.804773
0.292857143,15.803600
0.292970522,15.802418
0.293083900,15.801223
0.293197279,15.800019
0.293310658,15.798804
0.293424036,15.797582
0.293537415,15.796346
0.293650794,15.795103
0.293764172,15.793848
0.293877551,15.792585
0.293990930,15.791313
0.294104308,15.790031
0.294217687,15.788738
0.294331066,15.787439
0.294444444,15.786129
0.294557823,15.784812
0.294671202,15.783484
0.294784580,15.782149
0.294897959,15.780806
0.295011338,15.779454
0.295124717,15.778094
0.295238095,15.776728
0.295351474,15.775352
0.295464853,15.773970
0.295578231,15.772578
0.295691610,15.771181
0.295804989,15.769775
0.295918367,15.768364
0.296031746,15.766944
0.296145125,15.765518
0.296258503,15.764086
0.296371882,15.762647
0.296485261,15.761202
0.296598639,15.759751
0.296712018,15.758294
0.296825397,15.756830
0.296938776,15.755363
0.297052154,15.753887
0.297165533,15.752409
0.297278912,15.750925
0.297392290,15.749435
0.297505669,15.747943
0.297619048,15.746445
0.297732426,15.744944
0.297845805,15.743437
0.297959184,15.741928
0.298072562,15.740416
0.298185941,15.738900
0.298299320,15.737381
0.298412698,15.735860
0.298526077,15.734337
0.298639456,15.732812
0.298752834,15.731284
0.298866213,15.729755
0.298979592,15.728226
0.299092971,15.726696
0.299206349,15.725164
0.299319728,15.723634
0.299433107,15.722102
0.299546485,15.720571
0.299659864,15.719041
0.299773243,15.717511
0.299886621,15.715982
0.300000000,15.714457
0.300113379,15.712932
0.300226757,15.711409
0.300340136,15.709889
0.300453515,15.708370
0.300566893,15.706857
0.300680272,15.705342
0.300793651,15.703834
0.300907029,15.702329
0.301020408,15.700828
0.301133787,15.699327
0.301247166,15.697835
0.301360544,15.696343
0.301473923,15.694859
0.301587302,15.693377
0.301700680,15.691901
0.301814059,15.690430
0.301927438,15.688964
0.302040816,15.687505
0.302154195,15.686049
0.302267574,15.684601
0.302380952,15.683156
0.302494331,15.681720
0.302607710,15.680289
0.302721088,15.678864
0.302834467,15.677447
0.302947846,15.676036
0.303061224,15.674632
0.303174603,15.673235
0.303287982,15.671845
0.303401361,15.670465
0.303514739,15.669090
0.303628118,15.667726
0.303741497,15.666368
0.303854875,15.665018
0.303968254,15.663676
0.304081633,15.662345
0.304195011,15.661022
0.304308390,15.659709
0.304421769,15.658404
0.304535147,15.657110
0.304648526,15.655825
0.304761905,15.654550
0.304875283,15.653286
0.304988662,15.652033
0.305102041,15.650788
0.305215420,15.649556
0.305328798,15.648335
0.305442177,15.647121
0.305555556,15.645924
0.305668934,15.644733
0.305782313,15.643557
0.305895692,15.642390
0.306009070,15.641236
0.306122449,15.640095
0.306235828,15.638964
0.306349206,15.637845
0.306462585,15.636737
0.306575964,15.635643
0.306689342,15.634560
0.306802721,15.633489
0.306916100,15.632429
0.307029478,15.631383
0.307142857,15.630349
0.307256236,15.629327
0.307369615,15.628316
0.307482993,15.627319
0.307596372,15.626334
0.307709751,15.625360
0.307823129,15.624398
0.307936508,15.623449
0.308049887,15.622512
0.308163265,15.621587
0.308276644,15.620673
0.308390023,15.619773
0.308503401,15.618883
0.308616780,15.618004
0.308730159,15.617139
0.308843537,15.616284
0.308956916,15.615442
0.309070295,15.614611
0.309183673,15.613791
0.309297052,15.612985
0.309410431,15.612188
0.309523810,15.611405
0.309637188,15.610632
0.309750567,15.609874
0.309863946,15.609123
0.309977324,15.608388
0.310090703,15.607663
0.310204082,15.606948
0.310317460,15.606246
0.310430839,15.605556
0.310544218,15.604879
0.310657596,15.604211
0.310770975,15.603557
0.310884354,15.602914
0.310997732,15.602283
0.311111111,15.601662
0.311224490,15.601055
0.311337868,15.600458
0.311451247,15.599874
0.311564626,15.599300
0.311678005,15.598741
0.311791383,15.598190
0.311904762,15.597653
0.312018141,15.597127
0.312131519,15.596611
0.312244898,15.596107
0.312358277,15.595616
0.312471655,15.595137
0.312585034,15.594666
0.312698413,15.594207
0.312811791,15.593760
0.312925170,15.593325
0.313038549,15.592899
0.313151927,15.592485
0.313265306,15.592083
0.313378685,15.591690
0.313492063,15.591309
0.313605442,15.590940
0.313718821,15.590580
0.313832200,15.590231
0.313945578,15.589894
0.314058957,15.589566
0.314172336,15.589251
0.314285714,15.588945
0.314399093,15.588652
0.314512472,15.588369
0.314625850,15.588097
0.314739229,15.587835
0.314852608,15.587585
0.314965986,15.587348
0.315079365,15.587121
0.315192744,15.586905
0.315306122,15.586701
0.315419501,15.586508
0.315532880,15.586328
0.315646259,15.586159
0.315759637,15.586001
0.315873016,15.585854
0.315986395,15.585721
0.316099773,15.585599
0.316213152,15.585488
0.316326531,15.585393
0.316439909,15.585308
0.316553288,15.585235
0.316666667,15.585175
0.316780045,15.585127
0.316893424,15.585093
0.317006803,15.585071
0.317120181,15.585061
0.317233560,15.585065
0.317346939,15.585083
0.317460317,15.585113
0.317573696,15.585155
0.317687075,15.585212
0.317800454,15.585281
0.317913832,15.585362
0.318027211,15.585459
0.318140590,15.585568
0.318253968,15.585690
0.318367347,15.585827
0.318480726,15.585976
0.318594104,15.586140
0.318707483,15.586315
0.318820862,15.586504
0.318934240,15.586706
0.319047619,15.586923
0.319160998,15.587152
0.319274376,15.587395
0.319387755,15.587649
0.319501134,15.587917
0.319614512,15.588200
0.319727891,15.588493
0.319841270,15.588800
0.319954649,15.589121
0.320068027,15.589455
0.320181406,15.589800
0.320294785,15.590160
0.320408163,15.590530
0.320521542,15.590915
0.320634921,15.591312
0.320748299,15.591723
0.320861678,15.592146
0.320975057,15.592582
0.321088435,15.593030
0.321201814,15.593491
0.321315193,15.593965
0.321428571,15.594450
0.321541950,15.594948
0.321655329,15.595459
0.321768707,15.595982
0.321882086,15.596518
0.321995465,15.597065
0.322108844,15.597624
0.322222222,15.598196
0.322335601,15.598780
0.322448980,15.599373
0.322562358,15.599979
0.322675737,15.600598
0.322789116,15.601228
0.322902494,15.601870
0.323015873,15.602520
0.323129252,15.603183
0.323242630,15.603857
0.323356009,15.604541
0.323469388,15.605236
0.323582766,15.605942
0.323696145,15.606656
0.323809524,15.607381
0.323922902,15.608115
0.324036281,15.608859
0.324149660,15.609612
0.324263039,15.610373
0.324376417,15.611143
0.324489796,15.611923
0.324603175,15.612708
0.324716553,15.613504
0.324829932,15.614305
0.324943311,15.615116
0.325056689,15.615932
0.325170068,15.616757
0.325283447,15.617589
0.325396825,15.618425
0.325510204,15.619269
0.325623583,15.620118
0.325736961,15.620973
0.325850340,15.621835
0.325963719,15.622700
0.326077098,15.623572
0.326190476,15.624448
0.326303855,15.625329
0.326417234,15.626213
0.326530612,15.627104
0.326643991,15.627996
0.326757370,15.628894
0.326870748,15.629794
0.326984127,15.630698
0.327097506,15.631606
0.327210884,15.632518
0.327324263,15.633430
0.327437642,15.634347
0.327551020,15.635265
0.327664399,15.636188
0.327777778,15.637109
0.327891156,15.638035
0.328004535,15.638962
0.328117914,15.639891
0.328231293,15.640820
0.328344671,15.641750
0.328458050,15.642683
0.328571429,15.643615
0.328684807,15.644549
0.328798186,15.645482
0.328911565,15.646415
0.329024943,15.647348
0.329138322,15.648281
0.329251701,15.649212
0.329365079,15.650143
0.329478458,15.651072
0.329591837,15.651999
0.329705215,15.652926
0.329818594,15.653850
0.329931973,15.654772
0.330045351,15.655690
0.330158730,15.656607
0.330272109,15.657519
0.330385488,15.658429
0.330498866,15.659336
0.330612245,15.660239
0.330725624,15.661136
0.330839002,15.662031
0.330952381,15.662919
0.331065760,15.663804
0.331179138,15.664683
0.331292517,15.665559
0.331405896,15.666428
0.331519274,15.667291
0.331632653,15.668149
0.331746032,15.669000
0.331859410,15.669847
0.331972789,15.670686
0.332086168,15.671519
0.332199546,15.672347
0.332312925,15.673168
0.332426304,15.673982
0.332539683,15.674788
0.332653061,15.675588
0.332766440,15.676380
0.332879819,15.677167
0.332993197,15.677945
0.333106576,15.678717
0.333219955,15.679481
0.333333333,15.680236
0.333446712,15.680984
0.333560091,15.681726
0.333673469,15.682457
0.333786848,15.683181
0.333900227,15.683897
0.334013605,15.684606
0.334126984,15.685305
0.334240363,15.685996
0.334353741,15.686678
0.334467120,15.687352
0.334580499,15.688017
0.334693878,15.688673
0.334807256,15.689318
0.334920635,15.689957
0.335034014,15.690584
0.335147392,15.691204
0.335260771,15.691813
0.335374150,15.692413
0.335487528,15.693004
0.335600907,15.693585
0.335714286,15.694156
0.335827664,15.694718
0.335941043,15.695271
0.336054422,15.695813
0.336167800,15.696345
0.336281179,15.696870
0.336394558,15.697383
0.336507937,15.697886
0.336621315,15.698380
0.336734694,15.698865
0.336848073,15.699340
0.336961451,15.699806
0.337074830,15.700262
0.337188209,15.700708
0.337301587,15.701146
0.337414966,15.701573
0.337528345,15.701994
0.337641723,15.702403
0.337755102,15.702806
0.337868481,15.703199
0.337981859,15.703582
0.338095238,15.703958
0.338208617,15.704327
0.338321995,15.704685
0.338435374,15.705037
0.338548753,15.705379
0.338662132,15.705716
0.338775510,15.706042
0.338888889,15.706364
0.339002268,15.706677
0.339115646,15.706983
0.339229025,15.707280
0.339342404,15.707573
0.339455782,15.707856
0.339569161,15.708135
0.339682540,15.708405
0.339795918,15.708672
0.339909297,15.708929
0.340022676,15.709183
0.340136054,15.709429
0.340249433,15.709668
0.340362812,15.709902
0.340476190,15.710131
0.340589569,15.710352
0.340702948,15.710570
0.340816327,15.710781
0.340929705,15.710987
0.341043084,15.711187
0.341156463,15.711383
0.341269841,15.711574
0.341383220,15.711759
0.341496599,15.711939
0.341609977,15.712114
0.341723356,15.712287
0.341836735,15.712453
0.341950113,15.712616
0.342063492,15.712774
0.342176871,15.712930
0.342290249,15.713078
0.342403628,15.713226
0.342517007,15.713369
0.342630385,15.713510
0.342743764,15.713646
0.342857143,15.713779
0.342970522,15.713910
0.343083900,15.714038
0.343197279,15.714164
0.343310658,15.714286
0.343424036,15.714407
0.343537415,15.714525
0.343650794,15.714641
0.343764172,15.714756
0.343877551,15.714868
0.343990930,15.714977
0.344104308,15.715088
0.344217687,15.715194
0.344331066,15.715301
0.344444444,15.715404
0.344557823,15.715506
0.344671202,15.715607
0.344784580,15.715708
0.344897959,15.715807
0.345011338,15.715905
0.345124717,15.716001
0.345238095,15.716096
0.345351474,15.716192
0.345464853,15.716284
0.345578231,15.716378
0.345691610,15.716469
0.345804989,15.716559
0.345918367,15.716649
0.346031746,15.716738
0.346145125,15.716825
0.346258503,15.716911
0.346371882,15.716999
0.346485261,15.717084
0.346598639,15.717169
0.346712018,15.717252
0.346825397,15.717334
0.346938776,15.717415
0.347052154,15.717497
0.347165533,15.717577
0.347278912,15.717656
0.347392290,15.717734
0.347505669,15.717811
0.347619048,15.717889
0.347732426,15.717963
0.347845805,15.718040
0.347959184,15.718114
0.348072562,15.718186
0.348185941,15.718259
0.348299320,15.718331
0.348412698,15.718403
0.348526077,15.718472
0.348639456,15.718543
0.348752834,15.718610
0.348866213,15.718679
0.348979592,15.718746
0.349092971,15.718814
0.349206349,15.718880
0.349319728,15.718946
0.349433107,15.719009
0.349546485,15.719073
0.349659864,15.719136
0.349773243,15.719198
0.349886621,15.719261
0.350000000,15.719321
0.350113379,15.719381
0.350226757,15.719441
0.350340136,15.719501
0.350453515,15.719557
0.350566893,15.719613
0.350680272,15.719668
0.350793651,15.719724
0.350907029,15.719776
0.351020408,15.719828
0.351133787,15.719879
0.351247166,15.719927
0.351360544,15.719975
0.351473923,15.720021
0.351587302,15.720064
0.351700680,15.720106
0.351814059,15.720145
0.351927438,15.720182
0.352040816,15.720218
0.352154195,15.720250
0.352267574,15.720280
0.352380952,15.720306
0.352494331,15.720331
0.352607710,15.720353
0.352721088,15.720370
0.352834467,15.720387
0.352947846,15.720399
0.353061224,15.720409
0.353174603,15.720417
0.353287982,15.720418
0.353401361,15.720418
0.353514739,15.720415
0.353628118,15.720407
0.353741497,15.720399
0.353854875,15.720385
0.353968254,15.720367
0.354081633,15.720347
0.354195011,15.720323
0.354308390,15.720296
0.354421769,15.720264
0.354535147,15.720230
0.354648526,15.720191
0.354761905,15.720151
0.354875283,15.720106
0.354988662,15.720057
0.355102041,15.720005
0.355215420,15.719951
0.355328798,15.719890
0.355442177,15.719828
0.355555556,15.719763
0.355668934,15.719695
0.355782313,15.719623
0.355895692,15.719546
0.356009070,15.719468
0.356122449,15.719387
0.356235828,15.719299
0.356349206,15.719211
0.356462585,15.719119
0.356575964,15.719023
0.356689342,15.718925
0.356802721,15.718822
0.356916100,15.718717
0.357029478,15.718608
0.357142857,15.718496
0.357256236,15.718380
0.357369615,15.718261
0.357482993,15.718139
0.357596372,15.718015
0.357709751,15.717885
0.357823129,15.717753
0.357936508,15.717619
0.358049887,15.717481
0.358163265,15.717340
0.358276644,15.717196
0.358390023,15.717050
0.358503401,15.716899
0.358616780,15.716748
0.358730159,15.716593
0.358843537,15.716436
0.358956916,15.716277
0.359070295,15.716114
0.359183673,15.715951
0.359297052,15.715784
0.359410431,15.715617
0.359523810,15.715447
0.359637188,15.715276
0.359750567,15.715103
0.359863946,15.714930
0.359977324,15.714754
0.360090703,15.714579
0.360204082,15.714401
0.360317460,15.714224
0.360430839,15.714046
0.360544218,15.713870
0.360657596,15.713691
0.360770975,15.713513
0.360884354,15.713334
0.360997732,15.713157
0.361111111,15.712979
0.361224490,15.712804
0.361337868,15.712628
0.361451247,15.712453
0.361564626,15.712279
0.361678005,15.712108
0.361791383,15.711937
0.361904762,15.711767
0.362018141,15.711600
0.362131519,15.711433
0.362244898,15.711270
0.362358277,15.711107
0.362471655,15.710948
0.362585034,15.710791
0.362698413,15.710636
0.362811791,15.710484
0.362925170,15.710335
0.363038549,15.710188
0.363151927,15.710044
0.363265306,15.709902
0.363378685,15.709764
0.363492063,15.709629
0.363605442,15.709497
0.363718821,15.709369
0.363832200,15.709245
0.363945578,15.709122
0.364058957,15.709005
0.364172336,15.708892
0.364285714,15.708781
0.364399093,15.708675
0.364512472,15.708572
0.364625850,15.708475
0.364739229,15.708381
0.364852608,15.708292
0.364965986,15.708207
0.365079365,15.708128
0.365192744,15.708053
0.365306122,15.707982
0.365419501,15.707918
0.365532880,15.707858
0.365646259,15.707803
0.365759637,15.707753
0.365873016,15.707709
0.365986395,15.707670
0.366099773,15.707638
0.366213152,15.707612
0.366326531,15.707590
0.366439909,15.707575
0.366553288,15.707567
0.366666667,15.707563
0.366780045,15.707567
0.366893424,15.707578
0.367006803,15.707594
0.367120181,15.707619
0.367233560,15.707647
0.367346939,15.707685
0.367460317,15.707726
0.367573696,15.707776
0.367687075,15.707833
0.367800454,15.707897
0.367913832,15.707966
0.368027211,15.708042
0.368140590,15.708128
0.368253968,15.708218
0.368367347,15.708314
0.368480726,15.708418
0.368594104,15.708529
0.368707483,15.708647
0.368820862,15.708771
0.368934240,15.708900
0.369047619,15.709039
0.369160998,15.709183
0.369274376,15.709333
0.369387755,15.709491
0.369501134,15.709654
0.369614512,15.709825
0.369727891,15.710001
0.369841270,15.710186
0.369954649,15.710376
0.370068027,15.710574
0.370181406,15.710776
0.370294785,15.710987
0.370408163,15.711204
0.370521542,15.711427
0.370634921,15.711658
0.370748299,15.711895
0.370861678,15.712137
0.370975057,15.712388
0.371088435,15.712645
0.371201814,15.712909
0.371315193,15.713179
0.371428571,15.713455
0.371541950,15.713738
0.371655329,15.714027
0.371768707,15.714323
0.371882086,15.714626
0.371995465,15.714937
0.372108844,15.715253
0.372222222,15.715573
0.372335601,15.715903
0.372448980,15.716238
0.372562358,15.716578
0.372675737,15.716926
0.372789116,15.717278
0.372902494,15.717637
0.373015873,15.718002
0.373129252,15.718372
0.373242630,15.718748
0.373356009,15.719131
0.373469388,15.719518
0.373582766,15.719912
0.373696145,15.720308
0.373809524,15.720713
0.373922902,15.721121
0.374036281,15.721534
0.374149660,15.721951
0.374263039,15.722374
0.374376417,15.722803
0.374489796,15.723233
0.374603175,15.723672
0.374716553,15.724112
0.374829932,15.724558
0.374943311,15.725006
0.375056689,15.725460
0.375170068,15.725920
0.375283447,15.726380
0.375396825,15.726849
0.375510204,15.727318
0.375623583,15.727792
0.375736961,15.728271
0.375850340,15.728752
0.375963719,15.729239
0.376077098,15.729729
0.376190476,15.730222
0.376303855,15.730721
0.376417234,15.731222
0.376530612,15.731727
0.376643991,15.732236
0.376757370,15.732748
0.376870748,15.733264
0.376984127,15.733784
0.377097506,15.734308
0.377210884,15.734837
0.377324263,15.735367
0.377437642,15.735902
0.377551020,15.736441
0.377664399,15.736983
0.377777778,15.737532
0.377891156,15.738081
0.378004535,15.738636
0.378117914,15.739194
0.378231293,15.739757
0.378344671,15.740321
0.378458050,15.740891
0.378571429,15.741464
0.378684807,15.742042
0.378798186,15.742621
0.378911565,15.743206
0.379024943,15.743794
0.379138322,15.744387
0.379251701,15.744983
0.379365079,15.745582
0.379478458,15.746184
0.379591837,15.746791
0.379705215,15.747400
0.379818594,15.748013
0.379931973,15.748631
0.380045351,15.749251
0.380158730,15.749873
0.380272109,15.750501
0.380385488,15.751132
0.380498866,15.751765
0.380612245,15.752401
0.380725624,15.753043
0.380839002,15.753687
0.380952381,15.754333
0.381065760,15.754986
0.381179138,15.755640
0.381292517,15.756300
0.381405896,15.756961
0.381519274,15.757627
0.381632653,15.758298
0.381746032,15.758971
0.381859410,15.759650
0.381972789,15.760333
0.382086168,15.761019
0.382199546,15.761710
0.382312925,15.762407
0.382426304,15.763107
0.382539683,15.763813
0.382653061,15.764523
0.382766440,15.765237
0.382879819,15.765956
0.382993197,15.766682
0.383106576,15.767412
0.383219955,15.768146
0.383333333,15.768887
0.383446712,15.769631
0.383560091,15.770383
0.383673469,15.771138
0.383786848,15.771900
0.383900227,15.772668
0.384013605,15.773441
0.384126984,15.774221
0.384240363,15.775004
0.384353741,15.775795
0.384467120,15.776591
0.384580499,15.777392
0.384693878,15.778199
0.384807256,15.779013
0.384920635,15.779832
0.385034014,15.780657
0.385147392,15.781487
0.385260771,15.782325
0.385374150,15.783167
0.385487528,15.784016
0.385600907,15.784870
0.385714286,15.785730
0.385827664,15.786597
0.385941043,15.787469
0.386054422,15.788348
0.386167800,15.789231
0.386281179,15.790123
0.386394558,15.791020
0.386507937,15.791923
0.386621315,15.792832
0.386734694,15.793747
0.386848073,15.794668
0.386961451,15.795596
0.387074830,15.796529
0.387188209,15.797470
0.387301587,15.798416
0.387414966,15.799368
0.387528345,15.800327
0.387641723,15.801291
0.387755102,15.802263
0.387868481,15.803242
0.387981859,15.804226
0.388095238,15.805217
0.388208617,15.806213
0.388321995,15.807217
0.388435374,15.808228
0.388548753,15.809243
0.388662132,15.810264
0.388775510,15.811293
0.388888889,15.812327
0.389002268,15.813368
0.389115646,15.814416
0.389229025,15.815469
0.389342404,15.816529
0.389455782,15.817595
0.389569161,15.818667
0.389682540,15.819745
0.389795918,15.820830
0.389909297,15.821920
0.390022676,15.823016
0.390136054,15.824117
0.390249433,15.825225
0.390362812,15.826338
0.390476190,15.827456
0.390589569,15.828583
0.390702948,15.829712
0.390816327,15.830848
0.390929705,15.831988
0.391043084,15.833133
0.391156463,15.834284
0.391269841,15.835440
0.391383220,15.836600
0.391496599,15.837766
0.391609977,15.838936
0.391723356,15.840109
0.391836735,15.841288
0.391950113,15.842472
0.392063492,15.843660
0.392176871,15.844851
0.392290249,15.846046
0.392403628,15.847246
0.392517007,15.848451
0.392630385,15.849657
0.392743764,15.850868
0.392857143,15.852084
0.392970522,15.853302
0.393083900,15.854524
0.393197279,15.855749
0.393310658,15.856977
0.393424036,15.858210
0.393537415,15.859446
0.393650794,15.860682
0.393764172,15.861923
0.393877551,15.863166
0.393990930,15.864412
0.394104308,15.865663
0.394217687,15.866914
0.394331066,15.868167
0.394444444,15.869424
0.394557823,15.870683
0.394671202,15.871943
0.394784580,15.873205
0.394897959,15.874472
0.395011338,15.875737
0.395124717,15.877005
0.395238095,15.878274
0.395351474,15.879545
0.395464853,15.880818
0.395578231,15.882091
0.395691610,15.883366
0.395804989,15.884640
0.395918367,15.885915
0.396031746,15.887190
0.396145125,15.888466
0.396258503,15.889742
0.396371882,15.891017
0.396485261,15.892293
0.396598639,15.893568
0.396712018,15.894843
0.396825397,15.896115
0.396938776,15.897388
0.397052154,15.898660
0.397165533,15.899929
0.397278912,15.901196
0.397392290,15.902464
0.397505669,15.903728
0.397619048,15.904992
0.397732426,15.906253
0.397845805,15.907511
0.397959184,15.908766
0.398072562,15.910022
0.398185941,15.911273
0.398299320,15.912521
0.398412698,15.913767
0.398526077,15.915010
0.398639456,15.916249
0.398752834,15.917487
0.398866213,15.918720
0.398979592,15.919950
0.399092971,15.921180
0.399206349,15.922402
0.399319728,15.923624
0.399433107,15.924840
0.399546485,15.926055
0.399659864,15.927265
0.399773243,15.928471
0.399886621,15.929675
0.400000000,15.930873
0.400113379,15.932070
0.400226757,15.933261
0.400340136,15.934450
0.400453515,15.935635
0.400566893,15.936815
0.400680272,15.937993
0.400793651,15.939164
0.400907029,15.940334
0.401020408,15.941500
0.401133787,15.942660
0.401247166,15.943816
0.401360544,15.944968
0.401473923,15.946117
0.401587302,15.947261
0.401700680,15.948400
0.401814059,15.949535
0.401927438,15.950666
0.402040816,15.951792
0.402154195,15.952912
0.402267574,15.954029
0.402380952,15.955143
0.402494331,15.956249
0.402607710,15.957352
0.402721088,15.958451
0.402834467,15.959543
0.402947846,15.960631
0.403061224,15.961717
0.403174603,15.962794
0.403287982,15.963868
0.403401361,15.964939
0.403514739,15.966004
0.403628118,15.967065
0.403741497,15.968122
0.403854875,15.969172
0.403968254,15.970221
0.404081633,15.971263
0.404195011,15.972301
0.404308390,15.973335
0.404421769,15.974365
0.404535147,15.975391
0.404648526,15.976415
0.404761905,15.977432
0.404875283,15.978446
0.404988662,15.979457
0.405102041,15.980462
0.405215420,15.981465
0.405328798,15.982465
0.405442177,15.983459
0.405555556,15.984450
0.405668934,15.985440
0.405782313,15.986423
0.405895692,15.987404
0.406009070,15.988381
0.406122449,15.989354
0.406235828,15.990324
0.406349206,15.991288
0.406462585,15.992251
0.406575964,15.993210
0.406689342,15.994164
0.406802721,15.995116
0.406916100,15.996062
0.407029478,15.997007
0.407142857,15.997947
0.407256236,15.998883
0.407369615,15.999818
0.407482993,16.000746
0.407596372,16.001671
0.407709751,16.002594
0.407823129,16.003511
0.407936508,16.004427
0.408049887,16.005341
0.408163265,16.006247
0.408276644,16.007151
0.408390023,16.008055
0.408503401,16.008951
0.408616780,16.009846
0.408730159,16.010738
0.408843537,16.011625
0.408956916,16.012510
0.409070295,16.013391
0.409183673,16.014271
0.409297052,16.015146
0.409410431,16.016020
0.409523810,16.016890
0.409637188,16.017756
0.409750567,16.018620
0.409863946,16.019482
0.409977324,16.020342
0.410090703,16.021198
0.410204082,16.022051
0.410317460,16.022903
0.410430839,16.023750
0.410544218,16.024597
0.410657596,16.025440
0.410770975,16.026281
0.410884354,16.027121
0.410997732,16.027958
0.411111111,16.028790
0.411224490,16.029621
0.411337868,16.030449
0.411451247,16.031277
0.411564626,16.032099
0.411678005,16.032919
0.411791383,16.033739
0.411904762,16.034552
0.412018141,16.035366
0.412131519,16.036175
0.412244898,16.036982
0.412358277,16.037785
0.412471655,16.038586
0.412585034,16.039381
0.412698413,16.040174
0.412811791,16.040966
0.412925170,16.041752
0.413038549,16.042536
0.413151927,16.043314
0.413265306,16.044088
0.413378685,16.044859
0.413492063,16.045626
0.413605442,16.046387
0.413718821,16.047144
0.413832200,16.047897
0.413945578,16.048645
0.414058957,16.049389
0.414172336,16.050127
0.414285714,16.050861
0.414399093,16.051588
0.414512472,16.052311
0.414625850,16.053030
0.414739229,16.053741
0.414852608,16.054447
0.414965986,16.055149
0.415079365,16.055843
0.415192744,16.056534
0.415306122,16.057215
0.415419501,16.057890
0.415532880,16.058561
0.415646259,16.059223
0.415759637,16.059879
0.415873016,16.060530
0.415986395,16.061174
0.416099773,16.061810
0.416213152,16.062439
0.416326531,16.063061
0.416439909,16.063673
0.416553288,16.064280
0.416666667,16.064878
0.416780045,16.065470
0.416893424,16.066053
0.417006803,16.066629
0.417120181,16.067194
0.417233560,16.067753
0.417346939,16.068302
0.417460317,16.068846
0.417573696,16.069376
0.417687075,16.069901
0.417800454,16.070414
0.417913832,16.070917
0.418027211,16.071411
0.418140590,16.071898
0.418253968,16.072372
0.418367347,16.072838
0.418480726,16.073294
0.418594104,16.073738
0.418707483,16.074173
0.418820862,16.074596
0.418934240,16.075008
0.419047619,16.075411
0.419160998,16.075802
0.419274376,16.076183
0.419387755,16.076551
0.419501134,16.076910
0.419614512,16.077255
0.419727891,16.077591
0.419841270,16.077915
0.419954649,16.078226
0.420068027,16.078527
0.420181406,16.078817
0.420294785,16.079096
0.420408163,16.079361
0.420521542,16.079617
0.420634921,16.079859
0.420748299,16.080090
0.420861678,16.080309
0.420975057,16.080517
0.421088435,16.080713
0.421201814,16.080898
0.421315193,16.081072
0.421428571,16.081234
0.421541950,16.081383
0.421655329,16.081520
0.421768707,16.081648
0.421882086,16.081762
0.421995465,16.081865
0.422108844,16.081959
0.422222222,16.082039
0.422335601,16.082109
0.422448980,16.082167
0.422562358,16.082212
0.422675737,16.082247
0.422789116,16.082272
0.422902494,16.082285
0.423015873,16.082287
0.423129252,16.082275
0.423242630,16.082254
0.423356009,16.082222
0.423469388,16.082180
0.423582766,16.082125
0.423696145,16.082060
0.423809524,16.081984
0.423922902,16.081896
0.424036281,16.081799
0.424149660,16.081690
0.424263039,16.081570
0.424376417,16.081438
0.424489796,16.081299
0.424603175,16.081148
0.424716553,16.080986
0.424829932,16.080814
0.424943311,16.080633
0.425056689,16.080441
0.425170068,16.080238
0.425283447,16.080029
0.425396825,16.079805
0.425510204,16.079576
0.425623583,16.079334
0.425736961,16.079084
0.425850340,16.078825
0.425963719,16.078558
0.426077098,16.078281
0.426190476,16.077997
0.426303855,16.077703
0.426417234,16.077402
0.426530612,16.077093
0.426643991,16.076777
0.426757370,16.076452
0.426870748,16.076120
0.426984127,16.075783
0.427097506,16.075436
0.427210884,16.075083
0.427324263,16.074726
0.427437642,16.074360
0.427551020,16.073988
0.427664399,16.073612
0.427777778,16.073229
0.427891156,16.072840
0.428004535,16.072445
0.428117914,16.072046
0.428231293,16.071642
0.428344671,16.071234
0.428458050,16.070818
0.428571429,16.070400
0.428684807,16.069979
0.428798186,16.069551
0.428911565,16.069120
0.429024943,16.068684
0.429138322,16.068245
0.429251701,16.067802
0.429365079,16.067356
0.429478458,16.066908
0.429591837,16.066454
0.429705215,16.065998
0.429818594,16.065536
0.429931973,16.065075
0.430045351,16.064610
0.430158730,16.064140
0.430272109,16.063669
0.430385488,16.063194
0.430498866,16.062716
0.430612245,16.062239
0.430725624,16.061754
0.430839002,16.061270
0.430952381,16.060781
0.431065760,16.060291
0.431179138,16.059799
0.431292517,16.059301
0.431405896,16.058804
0.431519274,16.058304
0.431632653,16.057802
0.431746032,16.057299
0.431859410,16.056791
0.431972789,16.056282
0.432086168,16.055775
0.432199546,16.055262
0.432312925,16.054749
0.432426304,16.054232
0.432539683,16.053715
0.432653061,16.053194
0.432766440,16.052673
0.432879819,16.052151
0.432993197,16.051624
0.433106576,16.051098
0.433219955,16.050570
0.433333333,16.050037
0.433446712,16.049505
0.433560091,16.048969
0.433673469,16.048433
0.433786848,16.047894
0.433900227,16.047354
0.434013605,16.046810
0.434126984,16.046265
0.434240363,16.045717
0.434353741,16.045166
0.434467120,16.044615
0.434580499,16.044058
0.434693878,16.043499
0.434807256,16.042938
0.434920635,16.042374
0.435034014,16.041805
0.435147392,16.041233
0.435260771,16.040659
0.435374150,16.040081
0.435487528,16.039497
0.435600907,16.038914
0.435714286,16.038322
0.435827664,16.037729
0.435941043,16.037130
0.436054422,16.036528
0.436167800,16.035919
0.436281179,16.035307
0.436394558,16.034691
0.436507937,16.034067
0.436621315,16.033440
0.436734694,16.032810
0.436848073,16.032171
0.436961451,16.031528
0.437074830,16.030878
0.437188209,16.030222
0.437301587,16.029564
0.437414966,16.028896
0.437528345,16.028223
0.437641723,16.027544
0.437755102,16.026859
0.437868481,16.026169
0.437981859,16.025471
0.438095238,16.024767
0.438208617,16.024057
0.438321995,16.023338
0.438435374,16.022615
0.438548753,16.021885
0.438662132,16.021149
0.438775510,16.020405
0.438888889,16.019653
0.439002268,16.018896
0.439115646,16.018133
0.439229025,16.017361
0.439342404,16.016582
0.439455782,16.015799
0.439569161,16.015007
0.439682540,16.014208
0.439795918,16.013401
0.439909297,16.012589
0.440022676,16.011768
0.440136054,16.010941
0.440249433,16.010105
0.440362812,16.009260
0.440476190,16.008411
0.440589569,16.007555
0.440702948,16.006691
0.440816327,16.005817
0.440929705,16.004938
0.441043084,16.004051
0.441156463,16.003155
0.441269841,16.002251
0.441383220,16.001343
0.441496599,16.000423
0.441609977,15.999498
0.441723356,15.998564
0.441836735,15.997622
0.441950113,15.996675
0.442063492,15.995717
0.442176871,15.994753
0.442290249,15.993781
0.442403628,15.992803
0.442517007,15.991815
0.442630385,15.990821
0.442743764,15.989819
0.442857143,15.988811
0.442970522,15.987792
0.443083900,15.986770
0.443197279,15.985740
0.443310658,15.984702
0.443424036,15.983658
0.443537415,15.982607
0.443650794,15.981548
0.443764172,15.980485
0.443877551,15.979416
0.443990930,15.978340
0.444104308,15.977257
0.444217687,15.976169
0.444331066,15.975075
0.444444444,15.973975
0.444557823,15.972869
0.444671202,15.971759
0.444784580,15.970642
0.444897959,15.969522
0.445011338,15.968396
0.445124717,15.967265
0.445238095,15.966129
0.445351474,15.964989
0.445464853,15.963843
0.445578231,15.962693
0.445691610,15.961539
0.445804989,15.960382
0.445918367,15.959218
0.446031746,15.958050
0.446145125,15.956881
0.446258503,15.955705
0.446371882,15.954524
0.446485261,15.953341
0.446598639,15.952154
0.446712018,15.950964
0.446825397,15.949769
0.446938776,15.948573
0.447052154,15.947372
0.447165533,15.946169
0.447278912,15.944962
0.447392290,15.943752
0.447505669,15.942542
0.447619048,15.941327
0.447732426,15.940109
0.447845805,15.938891
0.447959184,15.937670
0.448072562,15.936447
0.448185941,15.935222
0.448299320,15.933997
0.448412698,15.932768
0.448526077,15.931540
0.448639456,15.930309
0.448752834,15.929077
0.448866213,15.927847
0.448979592,15.926613
0.449092971,15.925381
0.449206349,15.924147
0.449319728,15.922914
0.449433107,15.921679
0.449546485,15.920445
0.449659864,15.919213
0.449773243,15.917979
0.449886621,15.916747
0.450000000,15.915515
0.450113379,15.914285
0.450226757,15.913056
0.450340136,15.911828
0.450453515,15.910601
0.450566893,15.909376
0.450680272,15.908151
0.450793651,15.906930
0.450907029,15.905710
0.451020408,15.904490
0.451133787,15.903275
0.451247166,15.902060
0.451360544,15.900846
0.451473923,15.899636
0.451587302,15.898427
0.451700680,15.897220
0.451814059,15.896016
0.451927438,15.894814
0.452040816,15.893616
0.452154195,15.892419
0.452267574,15.891224
0.452380952,15.890033
0.452494331,15.888844
0.452607710,15.887657
0.452721088,15.886474
0.452834467,15.885291
0.452947846,15.884112
0.453061224,15.882936
0.453174603,15.881763
0.453287982,15.880591
0.453401361,15.879423
0.453514739,15.878258
0.453628118,15.877095
0.453741497,15.875936
0.453854875,15.874780
0.453968254,15.873626
0.454081633,15.872476
0.454195011,15.871328
0.454308390,15.870185
0.454421769,15.869043
0.454535147,15.867905
0.454648526,15.866772
0.454761905,15.865641
0.454875283,15.864513
0.454988662,15.863388
0.455102041,15.862267
0.455215420,15.861151
0.455328798,15.860037
0.455442177,15.858928
0.455555556,15.857820
0.455668934,15.856717
0.455782313,15.855618
0.455895692,15.854520
0.456009070,15.853428
0.456122449,15.852338
0.456235828,15.851252
0.456349206,15.850168
0.456462585,15.849089
0.456575964,15.848010
0.456689342,15.846938
0.456802721,15.845867
0.456916100,15.844798
0.457029478,15.843733
0.457142857,15.842670
0.457256236,15.841611
0.457369615,15.840554
0.457482993,15.839499
0.457596372,15.838447
0.457709751,15.837397
0.457823129,15.836349
0.457936508,15.835305
0.458049887,15.834263
0.458163265,15.833221
0.458276644,15.832183
0.458390023,15.831146
0.458503401,15.830112
0.458616780,15.829079
0.458730159,15.828049
0.458843537,15.827021
0.458956916,15.825994
0.459070295,15.824969
0.459183673,15.823947
0.459297052,15.822926
0.459410431,15.821906
0.459523810,15.820889
0.459637188,15.819873
0.459750567,15.818860
0.459863946,15.817848
0.459977324,15.816839
0.460090703,15.815830
0.460204082,15.814825
0.460317460,15.813822
0.460430839,15.812820
0.460544218,15.811821
0.460657596,15.810822
0.460770975,15.809828
0.460884354,15.808835
0.460997732,15.807842
0.461111111,15.806853
0.461224490,15.805867
0.461337868,15.804882
0.461451247,15.803900
0.461564626,15.802917
0.461678005,15.801941
0.461791383,15.800964
0.461904762,15.799991
0.462018141,15.799019
0.462131519,15.798049
0.462244898,15.797083
0.462358277,15.796117
0.462471655,15.795156
0.462585034,15.794195
0.462698413,15.793238
0.462811791,15.792281
0.462925170,15.791328
0.463038549,15.790377
0.463151927,15.789429
0.463265306,15.788482
0.463378685,15.787537
0.463492063,15.786595
0.463605442,15.785656
0.463718821,15.784718
0.463832200,15.783782
0.463945578,15.782849
0.464058957,15.781919
0.464172336,15.780990
0.464285714,15.780065
0.464399093,15.779140
0.464512472,15.778220
0.464625850,15.777301
0.464739229,15.776385
0.464852608,15.775471
0.464965986,15.774560
0.465079365,15.773652
0.465192744,15.772746
0.465306122,15.771844
0.465419501,15.770944
0.465532880,15.770046
0.465646259,15.769151
0.465759637,15.768261
0.465873016,15.767373
0.465986395,15.766488
0.466099773,15.765607
0.466213152,15.764729
0.466326531,15.763856
0.466439909,15.762985
0.466553288,15.762120
0.466666667,15.761256
0.466780045,15.760399
0.466893424,15.759546
0.467006803,15.758697
0.467120181,15.757851
0.467233560,15.757012
0.467346939,15.756176
0.467460317,15.755346
0.467573696,15.754520
0.467687075,15.753699
0.467800454,15.752886
0.467913832,15.752075
0.468027211,15.751270
0.468140590,15.750471
0.468253968,15.749677
0.468367347,15.748888
0.468480726,15.748104
0.468594104,15.747326
0.468707483,15.746554
0.468820862,15.745789
0.468934240,15.745028
0.469047619,15.744275
0.469160998,15.743526
0.469274376,15.742785
0.469387755,15.742048
0.469501134,15.741318
0.469614512,15.740597
0.469727891,15.739879
0.469841270,15.739169
0.469954649,15.738465
0.470068027,15.737771
0.470181406,15.737081
0.470294785,15.736399
0.470408163,15.735723
0.470521542,15.735057
0.470634921,15.734395
0.470748299,15.733745
0.470861678,15.733099
0.470975057,15.732463
0.471088435,15.731835
0.471201814,15.731215
0.471315193,15.730603
0.471428571,15.730000
0.471541950,15.729406
0.471655329,15.728822
0.471768707,15.728246
0.471882086,15.727678
0.471995465,15.727121
0.472108844,15.726572
0.472222222,15.726033
0.472335601,15.725505
0.472448980,15.724983
0.472562358,15.724475
0.472675737,15.723974
0.472789116,15.723483
0.472902494,15.723003
0.473015873,15.722531
0.473129252,15.722071
0.473242630,15.721621
0.473356009,15.721179
0.473469388,15.720748
0.473582766,15.720328
0.473696145,15.719918
0.473809524,15.719518
0.473922902,15.719128
0.474036281,15.718748
0.474149660,15.718378
0.474263039,15.718019
0.474376417,15.717670
0.474489796,15.717332
0.474603175,15.717002
0.474716553,15.716685
0.474829932,15.716376
0.474943311,15.716079
0.475056689,15.715792
0.475170068,15.715513
0.475283447,15.715247
0.475396825,15.714990
0.475510204,15.714744
0.475623583,15.714506
0.475736961,15.714281
0.475850340,15.714065
0.475963719,15.713858
0.476077098,15.713662
0.476190476,15.713476
0.476303855,15.713299
0.476417234,15.713132
0.476530612,15.712976
0.476643991,15.712831
0.476757370,15.712694
0.476870748,15.712566
0.476984127,15.712451
0.477097506,15.712343
0.477210884,15.712246
0.477324263,15.712159
0.477437642,15.712081
0.477551020,15.712011
0.477664399,15.711953
0.477777778,15.711904
0.477891156,15.711863
0.478004535,15.711831
0.478117914,15.711808
0.478231293,15.711796
0.478344671,15.711790
0.478458050,15.711794
0.478571429,15.711806
0.478684807,15.711827
0.478798186,15.711856
0.478911565,15.711895
0.479024943,15.711939
0.479138322,15.711992
0.479251701,15.712052
0.479365079,15.712122
0.479478458,15.712196
0.479591837,15.712279
0.479705215,15.712370
0.479818594,15.712465
0.479931973,15.712568
0.480045351,15.712678
0.480158730,15.712793
0.480272109,15.712914
0.480385488,15.713041
0.480498866,15.713175
0.480612245,15.713313
0.480725624,15.713456
0.480839002,15.713606
0.480952381,15.713759
0.481065760,15.713918
0.481179138,15.714081
0.481292517,15.714248
0.481405896,15.714419
0.481519274,15.714595
0.481632653,15.714774
0.481746032,15.714956
0.481859410,15.715142
0.481972789,15.715334
0.482086168,15.715528
0.482199546,15.715724
0.482312925,15.715924
0.482426304,15.716126
0.482539683,15.716333
0.482653061,15.716543
0.482766440,15.716754
0.482879819,15.716969
0.482993197,15.717185
0.483106576,15.717404
0.483219955,15.717627
0.483333333,15.717852
0.483446712,15.718077
0.483560091,15.718306
0.483673469,15.718534
0.483786848,15.718766
0.483900227,15.719000
0.484013605,15.719236
0.484126984,15.719472
0.484240363,15.719711
0.484353741,15.719951
0.484467120,15.720191
0.484580499,15.720432
0.484693878,15.720675
0.484807256,15.720920
0.484920635,15.721165
0.485034014,15.721410
0.485147392,15.721656
0.485260771,15.721902
0.485374150,15.722147
0.485487528,15.722393
0.485600907,15.722640
0.485714286,15.722886
0.485827664,15.723131
0.485941043,15.723375
0.486054422,15.723620
0.486167800,15.723865
0.486281179,15.724108
0.486394558,15.724351
0.486507937,15.724591
0.486621315,15.724834
0.486734694,15.725074
0.486848073,15.725313
0.486961451,15.725553
0.487074830,15.725790
0.487188209,15.726027
0.487301587,15.726263
0.487414966,15.726500
0.487528345,15.726733
0.487641723,15.726965
0.487755102,15.727198
0.487868481,15.727429
0.487981859,15.727660
0.488095238,15.727891
0.488208617,15.728120
0.488321995,15.728348
0.488435374,15.728577
0.488548753,15.728804
0.488662132,15.729031
0.488775510,15.729258
0.488888889,15.729483
0.489002268,15.729708
0.489115646,15.729931
0.489229025,15.730156
0.489342404,15.730380
0.489455782,15.730603
0.489569161,15.730826
0.489682540,15.731048
0.489795918,15.731272
0.489909297,15.731493
0.490022676,15.731714
0.490136054,15.731936
0.490249433,15.732156
0.490362812,15.732378
0.490476190,15.732597
0.490589569,15.732820
0.490702948,15.733039
0.490816327,15.733259
0.490929705,15.733479
0.491043084,15.733699
0.491156463,15.733918
0.491269841,15.734137
0.491383220,15.734356
0.491496599,15.734576
0.491609977,15.734796
0.491723356,15.735014
0.491836735,15.735233
0.491950113,15.735454
0.492063492,15.735673
0.492176871,15.735895
0.492290249,15.736115
0.492403628,15.736337
0.492517007,15.736558
0.492630385,15.736779
0.492743764,15.737003
0.492857143,15.737226
0.492970522,15.737450
0.493083900,15.737675
0.493197279,15.737900
0.493310658,15.738125
0.493424036,15.738354
0.493537415,15.738583
0.493650794,15.738811
0.493764172,15.739041
0.493877551,15.739274
0.493990930,15.739508
0.494104308,15.739742
0.494217687,15.739980
0.494331066,15.740217
0.494444444,15.740457
0.494557823,15.740699
0.494671202,15.740942
0.494784580,15.741187
0.494897959,15.741433
0.495011338,15.741683
0.495124717,15.741933
0.495238095,15.742185
0.495351474,15.742440
0.495464853,15.742696
0.495578231,15.742954
0.495691610,15.743215
0.495804989,15.743476
0.495918367,15.743739
0.496031746,15.744005
0.496145125,15.744271
0.496258503,15.744541
0.496371882,15.744810
0.496485261,15.745082
0.496598639,15.745355
0.496712018,15.745629
0.496825397,15.745904
0.496938776,15.746182
0.497052154,15.746461
0.497165533,15.746739
0.497278912,15.747019
0.497392290,15.747301
0.497505669,15.747583
0.497619048,15.747867
0.497732426,15.748152
0.497845805,15.748436
0.497959184,15.748723
0.498072562,15.749008
0.498185941,15.749295
0.498299320,15.749584
0.498412698,15.749871
0.498526077,15.750160
0.498639456,15.750451
0.498752834,15.750742
0.498866213,15.751033
0.498979592,15.751324
0.499092971,15.751615
0.499206349,15.751907
0.499319728,15.752199
0.499433107,15.752492
0.499546485,15.752787
0.499659864,15.753080
0.499773243,15.753375
0.499886621,15.753669
0.500000000,15.753963
0.500113379,15.754259
0.500226757,15.754554
0.500340136,15.754849
0.500453515,15.755144
0.500566893,15.755440
0.500680272,15.755734
0.500793651,15.756029
0.500907029,15.756325
0.501020408,15.756618
0.501133787,15.756911
0.501247166,15.757204
0.501360544,15.757497
0.501473923,15.757788
0.501587302,15.758078
0.501700680,15.758367
0.501814059,15.758656
0.501927438,15.758944
0.502040816,15.759229
0.502154195,15.759512
0.502267574,15.759794
0.502380952,15.760075
0.502494331,15.760352
0.502607710,15.760629
0.502721088,15.760904
0.502834467,15.761175
0.502947846,15.761445
0.503061224,15.761712
0.503174603,15.761978
0.503287982,15.762240
0.503401361,15.762500
0.503514739,15.762756
0.503628118,15.763012
0.503741497,15.763264
0.503854875,15.763514
0.503968254,15.763760
0.504081633,15.764005
0.504195011,15.764246
0.504308390,15.764483
0.504421769,15.764719
0.504535147,15.764951
0.504648526,15.765180
0.504761905,15.765407
0.504875283,15.765630
0.504988662,15.765850
0.505102041,15.766068
0.505215420,15.766282
0.505328798,15.766494
0.505442177,15.766701
0.505555556,15.766907
0.505668934,15.767109
0.505782313,15.767307
0.505895692,15.767502
0.506009070,15.767695
0.506122449,15.767883
0.506235828,15.768069
0.506349206,15.768252
0.506462585,15.768432
0.506575964,15.768607
0.506689342,15.768779
0.506802721,15.768947
0.506916100,15.769112
0.507029478,15.769273
0.507142857,15.769431
0.507256236,15.769586
0.507369615,15.769734
0.507482993,15.769879
0.507596372,15.770021
0.507709751,15.770160
0.507823129,15.770292
0.507936508,15.770422
0.508049887,15.770548
0.508163265,15.770668
0.508276644,15.770785
0.508390023,15.770899
0.508503401,15.771008
0.508616780,15.771111
0.508730159,15.771213
0.508843537,15.771309
0.508956916,15.771400
0.509070295,15.771489
0.509183673,15.771574
0.509297052,15.771654
0.509410431,15.771732
0.509523810,15.771805
0.509637188,15.771874
0.509750567,15.771939
0.509863946,15.772001
0.509977324,15.772060
0.510090703,15.772115
0.510204082,15.772168
0.510317460,15.772218
0.510430839,15.772264
0.510544218,15.772308
0.510657596,15.772349
0.510770975,15.772388
0.510884354,15.772424
0.510997732,15.772459
0.511111111,15.772491
0.511224490,15.772521
0.511337868,15.772550
0.511451247,15.772578
0.511564626,15.772603
0.511678005,15.772628
0.511791383,15.772651
0.511904762,15.772672
0.512018141,15.772693
0.512131519,15.772713
0.512244898,15.772732
0.512358277,15.772750
0.512471655,15.772767
0.512585034,15.772783
0.512698413,15.772799
0.512811791,15.772816
0.512925170,15.772829
0.513038549,15.772843
0.513151927,15.772858
0.513265306,15.772872
0.513378685,15.772886
0.513492063,15.772899
0.513605442,15.772913
0.513718821,15.772925
0.513832200,15.772940
0.513945578,15.772954
0.514058957,15.772967
0.514172336,15.772982
0.514285714,15.772996
0.514399093,15.773012
0.514512472,15.773030
0.514625850,15.773047
0.514739229,15.773066
0.514852608,15.773087
0.514965986,15.773108
0.515079365,15.773132
0.515192744,15.773157
0.515306122,15.773184
0.515419501,15.773214
0.515532880,15.773246
0.515646259,15.773280
0.515759637,15.773317
0.515873016,15.773356
0.515986395,15.773398
0.516099773,15.773443
0.516213152,15.773491
0.516326531,15.773544
0.516439909,15.773599
0.516553288,15.773656
0.516666667,15.773718
0.516780045,15.773785
0.516893424,15.773854
0.517006803,15.773927
0.517120181,15.774005
0.517233560,15.774086
0.517346939,15.774172
0.517460317,15.774261
0.517573696,15.774354
0.517687075,15.774451
0.517800454,15.774554
0.517913832,15.774661
0.518027211,15.774771
0.518140590,15.774886
0.518253968,15.775004
0.518367347,15.775127
0.518480726,15.775254
0.518594104,15.775388
0.518707483,15.775524
0.518820862,15.775664
0.518934240,15.775809
0.519047619,15.775958
0.519160998,15.776111
0.519274376,15.776269
0.519387755,15.776430
0.519501134,15.776597
0.519614512,15.776765
0.519727891,15.776938
0.519841270,15.777116
0.519954649,15.777299
0.520068027,15.777483
0.520181406,15.777671
0.520294785,15.777864
0.520408163,15.778059
0.520521542,15.778259
0.520634921,15.778461
0.520748299,15.778669
0.520861678,15.778878
0.520975057,15.779091
0.521088435,15.779305
0.521201814,15.779526
0.521315193,15.779747
0.521428571,15.779970
0.521541950,15.780199
0.521655329,15.780430
0.521768707,15.780662
0.521882086,15.780897
0.521995465,15.781136
0.522108844,15.781374
0.522222222,15.781617
0.522335601,15.781862
0.522448980,15.782108
0.522562358,15.782356
0.522675737,15.782608
0.522789116,15.782860
0.522902494,15.783113
0.523015873,15.783371
0.523129252,15.783628
0.523242630,15.783887
0.523356009,15.784145
0.523469388,15.784408
0.523582766,15.784670
0.523696145,15.784934
0.523809524,15.785198
0.523922902,15.785464
0.524036281,15.785730
0.524149660,15.785996
0.524263039,15.786263
0.524376417,15.786531
0.524489796,15.786799
0.524603175,15.787066
0.524716553,15.787334
0.524829932,15.787601
0.524943311,15.787868
0.525056689,15.788135
0.525170068,15.788400
0.525283447,15.788666
0.525396825,15.788930
0.525510204,15.789194
0.525623583,15.789456
0.525736961,15.789719
0.525850340,15.789982
0.525963719,15.790242
0.526077098,15.790501
0.526190476,15.790760
0.526303855,15.791018
0.526417234,15.791276
0.526530612,15.791533
0.526643991,15.791788
0.526757370,15.792043
0.526870748,15.792296
0.526984127,15.792550
0.527097506,15.792804
0.527210884,15.793056
0.527324263,15.793307
0.527437642,15.793557
0.527551020,15.793807
0.527664399,15.794057
0.527777778,15.794307
0.527891156,15.794557
0.528004535,15.794806
0.528117914,15.795055
0.528231293,15.795303
0.528344671,15.795553
0.528458050,15.795801
0.528571429,15.796050
0.528684807,15.796298
0.528798186,15.796546
0.528911565,15.796796
0.529024943,15.797044
0.529138322,15.797293
0.529251701,15.797541
0.529365079,15.797787
0.529478458,15.798036
0.529591837,15.798284
0.529705215,15.798532
0.529818594,15.798778
0.529931973,15.799026
0.530045351,15.799274
0.530158730,15.799520
0.530272109,15.799769
0.530385488,15.800017
0.530498866,15.800263
0.530612245,15.800511
0.530725624,15.800760
0.530839002,15.801010
0.530952381,15.801258
0.531065760,15.801508
0.531179138,15.801758
0.531292517,15.802010
0.531405896,15.802259
0.531519274,15.802513
0.531632653,15.802767
0.531746032,15.803020
0.531859410,15.803277
0.531972789,15.803535
0.532086168,15.803791
0.532199546,15.804052
0.532312925,15.804313
0.532426304,15.804577
0.532539683,15.804841
0.532653061,15.805109
0.532766440,15.805378
0.532879819,15.805650
0.532993197,15.805923
0.533106576,15.806197
0.533219955,15.806476
0.533333333,15.806757
0.533446712,15.807041
0.533560091,15.807328
0.533673469,15.807617
0.533786848,15.807910
0.533900227,15.808204
0.534013605,15.808503
0.534126984,15.808805
0.534240363,15.809108
0.534353741,15.809417
0.534467120,15.809727
0.534580499,15.810042
0.534693878,15.810360
0.534807256,15.810680
0.534920635,15.811005
0.535034014,15.811333
0.535147392,15.811665
0.535260771,15.811999
0.535374150,15.812336
0.535487528,15.812678
0.535600907,15.813025
0.535714286,15.813374
0.535827664,15.813726
0.535941043,15.814081
0.536054422,15.814441
0.536167800,15.814804
0.536281179,15.815171
0.536394558,15.815540
0.536507937,15.815914
0.536621315,15.816292
0.536734694,15.816672
0.536848073,15.817058
0.536961451,15.817448
0.537074830,15.817840
0.537188209,15.818234
0.537301587,15.818635
0.537414966,15.819037
0.537528345,15.819446
0.537641723,15.819857
0.537755102,15.820273
0.537868481,15.820692
0.537981859,15.821115
0.538095238,15.821543
0.538208617,15.821974
0.538321995,15.822410
0.538435374,15.822849
0.538548753,15.823293
0.538662132,15.823741
0.538775510,15.824193
0.538888889,15.824649
0.539002268,15.825109
0.539115646,15.825576
0.539229025,15.826044
0.539342404,15.826519
0.539455782,15.826996
0.539569161,15.827478
0.539682540,15.827966
0.539795918,15.828455
0.539909297,15.828949
0.540022676,15.829450
0.540136054,15.829953
0.540249433,15.830458
0.540362812,15.830971
0.540476190,15.831485
0.540589569,15.832002
0.540702948,15.832525
0.540816327,15.833052
0.540929705,15.833580
0.541043084,15.834113
0.541156463,15.834651
0.541269841,15.835190
0.541383220,15.835732
0.541496599,15.836278
0.541609977,15.836827
0.541723356,15.837379
0.541836735,15.837934
0.541950113,15.838490
0.542063492,15.839051
0.542176871,15.839613
0.542290249,15.840177
0.542403628,15.840744
0.542517007,15.841312
0.542630385,15.841886
0.542743764,15.842458
0.542857143,15.843035
0.542970522,15.843613
0.543083900,15.844191
0.543197279,15.844771
0.543310658,15.845355
0.543424036,15.845940
0.543537415,15.846527
0.543650794,15.847116
0.543764172,15.847704
0.543877551,15.848296
0.543990930,15.848888
0.544104308,15.849481
0.544217687,15.850076
0.544331066,15.850672
0.544444444,15.851269
0.544557823,15.851867
0.544671202,15.852466
0.544784580,15.853065
0.544897959,15.853664
0.545011338,15.854265
0.545124717,15.854866
0.545238095,15.855467
0.545351474,15.856068
0.545464853,15.856670
0.545578231,15.857271
0.545691610,15.857873
0.545804989,15.858472
0.545918367,15.859073
0.546031746,15.859672
0.546145125,15.860270
0.546258503,15.860868
0.546371882,15.861465
0.546485261,15.862060
0.546598639,15.862654
0.546712018,15.863248
0.546825397,15.863838
0.546938776,15.864429
0.547052154,15.865017
0.547165533,15.865602
0.547278912,15.866187
0.547392290,15.866771
0.547505669,15.867350
0.547619048,15.867928
0.547732426,15.868505
0.547845805,15.869079
0.547959184,15.869649
0.548072562,15.870220
0.548185941,15.870786
0.548299320,15.871351
0.548412698,15.871913
0.548526077,15.872474
0.548639456,15.873030
0.548752834,15.873585
0.548866213,15.874138
0.548979592,15.874687
0.549092971,15.875236
0.549206349,15.875780
0.549319728,15.876322
0.549433107,15.876863
0.549546485,15.877400
0.549659864,15.877935
0.549773243,15.878469
0.549886621,15.878999
0.550000000,15.879527
0.550113379,15.880053
0.550226757,15.880575
0.550340136,15.881096
0.550453515,15.881614
0.550566893,15.882130
0.550680272,15.882642
0.550793651,15.883153
0.550907029,15.883661
0.551020408,15.884169
0.551133787,15.884672
0.551247166,15.885174
0.551360544,15.885674
0.551473923,15.886170
0.551587302,15.886664
0.551700680,15.887159
0.551814059,15.887650
0.551927438,15.888138
0.552040816,15.888625
0.552154195,15.889110
0.552267574,15.889593
0.552380952,15.890074
0.552494331,15.890553
0.552607710,15.891027
0.552721088,15.891502
0.552834467,15.891974
0.552947846,15.892446
0.553061224,15.892914
0.553174603,15.893380
0.553287982,15.893845
0.553401361,15.894307
0.553514739,15.894768
0.553628118,15.895227
0.553741497,15.895685
0.553854875,15.896140
0.553968254,15.896594
0.554081633,15.897046
0.554195011,15.897498
0.554308390,15.897947
0.554421769,15.898396
0.554535147,15.898842
0.554648526,15.899287
0.554761905,15.899732
0.554875283,15.900175
0.554988662,15.900617
0.555102041,15.901058
0.555215420,15.901498
0.555328798,15.901937
0.555442177,15.902375
0.555555556,15.902813
0.555668934,15.903251
0.555782313,15.903687
0.555895692,15.904123
0.556009070,15.904559
0.556122449,15.904996
0.556235828,15.905430
0.556349206,15.905864
0.556462585,15.906299
0.556575964,15.906733
0.556689342,15.907166
0.556802721,15.907599
0.556916100,15.908032
0.557029478,15.908464
0.557142857,15.908897
0.557256236,15.909328
0.557369615,15.909760
0.557482993,15.910192
0.557596372,15.910623
0.557709751,15.911053
0.557823129,15.911484
0.557936508,15.911913
0.558049887,15.912342
0.558163265,15.912771
0.558276644,15.913200
0.558390023,15.913628
0.558503401,15.914055
0.558616780,15.914482
0.558730159,15.914907
0.558843537,15.915333
0.558956916,15.915758
0.559070295,15.916183
0.559183673,15.916607
0.559297052,15.917031
0.559410431,15.917455
0.559523810,15.917876
0.559637188,15.918301
0.559750567,15.918722
0.559863946,15.919145
0.559977324,15.919564
0.560090703,15.919987
0.560204082,15.920406
0.560317460,15.920825
0.560430839,15.921245
0.560544218,15.921663
0.560657596,15.922082
0.560770975,15.922501
0.560884354,15.922916
0.560997732,15.923333
0.561111111,15.923750
0.561224490,15.924165
0.561337868,15.924580
0.561451247,15.924994
0.561564626,15.925406
0.561678005,15.925818
0.561791383,15.926230
0.561904762,15.926640
0.562018141,15.927048
0.562131519,15.927453
0.562244898,15.927859
0.562358277,15.928264
0.562471655,15.928664
0.562585034,15.929065
0.562698413,15.929461
0.562811791,15.929857
0.562925170,15.930251
0.563038549,15.930643
0.563151927,15.931031
0.563265306,15.931416
0.563378685,15.931799
0.563492063,15.932178
0.563605442,15.932555
0.563718821,15.932930
0.563832200,15.933298
0.563945578,15.933665
0.564058957,15.934029
0.564172336,15.934388
0.564285714,15.934745
0.564399093,15.935096
0.564512472,15.935445
0.564625850,15.935789
0.564739229,15.936128
0.564852608,15.936462
0.564965986,15.936794
0.565079365,15.937120
0.565192744,15.937441
0.565306122,15.937758
0.565419501,15.938070
0.565532880,15.938377
0.565646259,15.938679
0.565759637,15.938974
0.565873016,15.939267
0.565986395,15.939552
0.566099773,15.939835
0.566213152,15.940109
0.566326531,15.940381
0.566439909,15.940645
0.566553288,15.940904
0.566666667,15.941157
0.566780045,15.941403
0.566893424,15.941645
0.567006803,15.941880
0.567120181,15.942111
0.567233560,15.942334
0.567346939,15.942553
0.567460317,15.942763
0.567573696,15.942967
0.567687075,15.943166
0.567800454,15.943359
0.567913832,15.943543
0.568027211,15.943723
0.568140590,15.943894
0.568253968,15.944061
0.568367347,15.944219
0.568480726,15.944371
0.568594104,15.944515
0.568707483,15.944654
0.568820862,15.944782
0.568934240,15.944905
0.569047619,15.945020
0.569160998,15.945128
0.569274376,15.945228
0.569387755,15.945320
0.569501134,15.945405
0.569614512,15.945483
0.569727891,15.945552
0.569841270,15.945612
0.569954649,15.945665
0.570068027,15.945709
0.570181406,15.945747
0.570294785,15.945775
0.570408163,15.945797
0.570521542,15.945809
0.570634921,15.945812
0.570748299,15.945809
0.570861678,15.945797
0.570975057,15.945775
0.571088435,15.945747
0.571201814,15.945709
0.571315193,15.945665
0.571428571,15.945612
0.571541950,15.945550
0.571655329,15.945481
0.571768707,15.945403
0.571882086,15.945316
0.571995465,15.945224
0.572108844,15.945121
0.572222222,15.945011
0.572335601,15.944894
0.572448980,15.944768
0.572562358,15.944635
0.572675737,15.944495
0.572789116,15.944346
0.572902494,15.944190
0.573015873,15.944027
0.573129252,15.943855
0.573242630,15.943676
0.573356009,15.943490
0.573469388,15.943296
0.573582766,15.943096
0.573696145,15.942887
0.573809524,15.942671
0.573922902,15.942450
0.574036281,15.942219
0.574149660,15.941981
0.574263039,15.941737
0.574376417,15.941485
0.574489796,15.941226
0.574603175,15.940962
0.574716553,15.940689
0.574829932,15.940411
0.574943311,15.940125
0.575056689,15.939833
0.575170068,15.939535
0.575283447,15.939228
0.575396825,15.938918
0.575510204,15.938599
0.575623583,15.938276
0.575736961,15.937946
0.575850340,15.937610
0.575963719,15.937269
0.576077098,15.936922
0.576190476,15.936569
0.576303855,15.936213
0.576417234,15.935849
0.576530612,15.935482
0.576643991,15.935108
0.576757370,15.934732
0.576870748,15.934350
0.576984127,15.933963
0.577097506,15.933573
0.577210884,15.933178
0.577324263,15.932779
0.577437642,15.932377
0.577551020,15.931971
0.577664399,15.931561
0.577777778,15.931148
0.577891156,15.930731
0.578004535,15.930311
0.578117914,15.929889
0.578231293,15.929463
0.578344671,15.929036
0.578458050,15.928606
0.578571429,15.928171
0.578684807,15.927737
0.578798186,15.927299
0.578911565,15.926858
0.579024943,15.926416
0.579138322,15.925971
0.579251701,15.925527
0.579365079,15.925077
0.579478458,15.924627
0.579591837,15.924175
0.579705215,15.923721
0.579818594,15.923266
0.579931973,15.922809
0.580045351,15.922348
0.580158730,15.921886
0.580272109,15.921424
0.580385488,15.920959
0.580498866,15.920491
0.580612245,15.920024
0.580725624,15.919554
0.580839002,15.919083
0.580952381,15.918609
0.581065760,15.918134
0.581179138,15.917659
0.581292517,15.917180
0.581405896,15.916699
0.581519274,15.916219
0.581632653,15.915737
0.581746032,15.915253
0.581859410,15.914767
0.581972789,15.914282
0.582086168,15.913793
0.582199546,15.913302
0.582312925,15.912812
0.582426304,15.912321
0.582539683,15.911828
0.582653061,15.911333
0.582766440,15.910837
0.582879819,15.910340
0.582993197,15.909841
0.583106576,15.909343
0.583219955,15.908841
0.583333333,15.908338
0.583446712,15.907834
0.583560091,15.907329
0.583673469,15.906821
0.583786848,15.906313
0.583900227,15.905802
0.584013605,15.905290
0.584126984,15.904776
0.584240363,15.904260
0.584353741,15.903742
0.584467120,15.903221
0.584580499,15.902699
0.584693878,15.902175
0.584807256,15.901647
0.584920635,15.901116
0.585034014,15.900585
0.585147392,15.900047
0.585260771,15.899508
0.585374150,15.898968
0.585487528,15.898422
0.585600907,15.897874
0.585714286,15.897323
0.585827664,15.896766
0.585941043,15.896208
0.586054422,15.895644
0.586167800,15.895079
0.586281179,15.894507
0.586394558,15.893933
0.586507937,15.893355
0.586621315,15.892772
0.586734694,15.892185
0.586848073,15.891593
0.586961451,15.890998
0.587074830,15.890396
0.587188209,15.889791
0.587301587,15.889182
0.587414966,15.888567
0.587528345,15.887948
0.587641723,15.887322
0.587755102,15.886693
0.587868481,15.886060
0.587981859,15.885420
0.588095238,15.884775
0.588208617,15.884126
0.588321995,15.883471
0.588435374,15.882811
0.588548753,15.882146
0.588662132,15.881474
0.588775510,15.880798
0.588888889,15.880116
0.589002268,15.879428
0.589115646,15.878735
0.589229025,15.878036
0.589342404,15.877333
0.589455782,15.876622
0.589569161,15.875907
0.589682540,15.875184
0.589795918,15.874457
0.589909297,15.873723
0.590022676,15.872984
0.590136054,15.872239
0.590249433,15.871488
0.590362812,15.870730
0.590476190,15.869967
0.590589569,15.869197
0.590702948,15.868423
0.590816327,15.867640
0.590929705,15.866854
0.591043084,15.866061
0.591156463,15.865262
0.591269841,15.864457
0.591383220,15.863645
0.591496599,15.862827
0.591609977,15.862005
0.591723356,15.861176
0.591836735,15.860340
0.591950113,15.859500
0.592063492,15.858653
0.592176871,15.857800
0.592290249,15.856944
0.592403628,15.856080
0.592517007,15.855211
0.592630385,15.854338
0.592743764,15.853458
0.592857143,15.852573
0.592970522,15.851684
0.593083900,15.850788
0.593197279,15.849890
0.593310658,15.848986
0.593424036,15.848078
0.593537415,15.847165
0.593650794,15.846249
0.593764172,15.845326
0.593877551,15.844401
0.593990930,15.843472
0.594104308,15.842540
0.594217687,15.841603
0.594331066,15.840664
0.594444444,15.839721
0.594557823,15.838775
0.594671202,15.837826
0.594784580,15.836874
0.594897959,15.835918
0.595011338,15.834961
0.595124717,15.834002
0.595238095,15.833039
0.595351474,15.832075
0.595464853,15.831109
0.595578231,15.830141
0.595691610,15.829169
0.595804989,15.828197
0.595918367,15.827223
0.596031746,15.826246
0.596145125,15.825269
0.596258503,15.824288
0.596371882,15.823308
0.596485261,15.822326
0.596598639,15.821342
0.596712018,15.820358
0.596825397,15.819371
0.596938776,15.818385
0.597052154,15.817396
0.597165533,15.816408
0.597278912,15.815417
0.597392290,15.814428
0.597505669,15.813437
0.597619048,15.812447
0.597732426,15.811456
0.597845805,15.810463
0.597959184,15.809471
0.598072562,15.808480
0.598185941,15.807489
0.598299320,15.806499
0.598412698,15.805508
0.598526077,15.804519
0.598639456,15.803529
0.598752834,15.802542
0.598866213,15.801555
0.598979592,15.800569
0.599092971,15.799584
0.599206349,15.798602
0.599319728,15.797622
0.599433107,15.796643
0.599546485,15.795667
0.599659864,15.794692
0.599773243,15.793718
0.599886621,15.792748
0.600000000,15.791780
0.600113379,15.790816
0.600226757,15.789854
0.600340136,15.788895
0.600453515,15.787937
0.600566893,15.786983
0.600680272,15.786034
0.600793651,15.785085
0.600907029,15.784140
0.601020408,15.783198
0.601133787,15.782259
0.601247166,15.781324
0.601360544,15.780393
0.601473923,15.779464
0.601587302,15.778540
0.601700680,15.777617
0.601814059,15.776700
0.601927438,15.775783
0.602040816,15.774872
0.602154195,15.773964
0.602267574,15.773060
0.602380952,15.772158
0.602494331,15.771260
0.602607710,15.770366
0.602721088,15.769475
0.602834467,15.768587
0.602947846,15.767704
0.603061224,15.766825
0.603174603,15.765949
0.603287982,15.765077
0.603401361,15.764210
0.603514739,15.763347
0.603628118,15.762487
0.603741497,15.761631
0.603854875,15.760779
0.603968254,15.759933
0.604081633,15.759090
0.604195011,15.758252
0.604308390,15.757419
0.604421769,15.756589
0.604535147,15.755765
0.604648526,15.754944
0.604761905,15.754128
0.604875283,15.753318
0.604988662,15.752513
0.605102041,15.751712
0.605215420,15.750916
0.605328798,15.750125
0.605442177,15.749338
0.605555556,15.748556
0.605668934,15.747782
0.605782313,15.747010
0.605895692,15.746244
0.606009070,15.745482
0.606122449,15.744727
0.606235828,15.743976
0.606349206,15.743229
0.606462585,15.742486
0.606575964,15.741749
0.606689342,15.741016
0.606802721,15.740290
0.606916100,15.739567
0.607029478,15.738849
0.607142857,15.738134
0.607256236,15.737425
0.607369615,15.736719
0.607482993,15.736017
0.607596372,15.735320
0.607709751,15.734628
0.607823129,15.733938
0.607936508,15.733252
0.608049887,15.732571
0.608163265,15.731892
0.608276644,15.731216
0.608390023,15.730545
0.608503401,15.729877
0.608616780,15.729212
0.608730159,15.728550
0.608843537,15.727891
0.608956916,15.727235
0.609070295,15.726581
0.609183673,15.725932
0.609297052,15.725283
0.609410431,15.724640
0.609523810,15.723996
0.609637188,15.723356
0.609750567,15.722719
0.609863946,15.722085
0.609977324,15.721452
0.610090703,15.720822
0.610204082,15.720195
0.610317460,15.719569
0.610430839,15.718947
0.610544218,15.718325
0.610657596,15.717706
0.610770975,15.717091
0.610884354,15.716475
0.610997732,15.715862
0.611111111,15.715253
0.611224490,15.714644
0.611337868,15.714036
0.611451247,15.713431
0.611564626,15.712828
0.611678005,15.712226
0.611791383,15.711627
0.611904762,15.711028
0.612018141,15.710430
0.612131519,15.709837
0.612244898,15.709243
0.612358277,15.708651
0.612471655,15.708060
0.612585034,15.707470
0.612698413,15.706882
0.612811791,15.706294
0.612925170,15.705709
0.613038549,15.705126
0.613151927,15.704543
0.613265306,15.703959
0.613378685,15.703378
0.613492063,15.702799
0.613605442,15.702221
0.613718821,15.701643
0.613832200,15.701065
0.613945578,15.700488
0.614058957,15.699914
0.614172336,15.699340
0.614285714,15.698766
0.614399093,15.698193
0.614512472,15.697622
0.614625850,15.697051
0.614739229,15.696482
0.614852608,15.695913
0.614965986,15.695346
0.615079365,15.694780
0.615192744,15.694217
0.615306122,15.693652
0.615419501,15.693092
0.615532880,15.692533
0.615646259,15.691974
0.615759637,15.691419
0.615873016,15.690864
0.615986395,15.690312
0.616099773,15.689763
0.616213152,15.689216
0.616326531,15.688671
0.616439909,15.688128
0.616553288,15.687588
0.616666667,15.687051
0.616780045,15.686517
0.616893424,15.685986
0.617006803,15.685457
0.617120181,15.684931
0.617233560,15.684407
0.617346939,15.683888
0.617460317,15.683372
0.617573696,15.682858
0.617687075,15.682349
0.617800454,15.681842
0.617913832,15.681338
0.618027211,15.680839
0.618140590,15.680343
0.618253968,15.679852
0.618367347,15.679362
0.618480726,15.678876
0.618594104,15.678396
0.618707483,15.677919
0.618820862,15.677445
0.618934240,15.676976
0.619047619,15.676512
0.619160998,15.676050
0.619274376,15.675593
0.619387755,15.675141
0.619501134,15.674692
0.619614512,15.674250
0.619727891,15.673811
0.619841270,15.673377
0.619954649,15.672950
0.620068027,15.672524
0.620181406,15.672106
0.620294785,15.671693
0.620408163,15.671285
0.620521542,15.670881
0.620634921,15.670484
0.620748299,15.670092
0.620861678,15.669707
0.620975057,15.669328
0.621088435,15.668954
0.621201814,15.668585
0.621315193,15.668223
0.621428571,15.667869
0.621541950,15.667521
0.621655329,15.667179
0.621768707,15.666844
0.621882086,15.666514
0.621995465,15.666194
0.622108844,15.665880
0.622222222,15.665573
0.622335601,15.665274
0.622448980,15.664981
0.622562358,15.664696
0.622675737,15.664419
0.622789116,15.664147
0.622902494,15.663887
0.623015873,15.663632
0.623129252,15.663385
0.623242630,15.663146
0.623356009,15.662914
0.623469388,15.662690
0.623582766,15.662475
0.623696145,15.662267
0.623809524,15.662066
0.623922902,15.661873
0.624036281,15.661689
0.624149660,15.661511
0.624263039,15.661342
0.624376417,15.661180
0.624489796,15.661026
0.624603175,15.660879
0.624716553,15.660741
0.624829932,15.660607
0.624943311,15.660483
0.625056689,15.660366
0.625170068,15.660256
0.625283447,15.660155
0.625396825,15.660060
0.625510204,15.659971
0.625623583,15.659889
0.625736961,15.659815
0.625850340,15.659748
0.625963719,15.659687
0.626077098,15.659635
0.626190476,15.659586
0.626303855,15.659548
0.626417234,15.659513
0.626530612,15.659486
0.626643991,15.659464
0.626757370,15.659450
0.626870748,15.659441
0.626984127,15.659439
0.627097506,15.659443
0.627210884,15.659453
0.627324263,15.659470
0.627437642,15.659491
0.627551020,15.659517
0.627664399,15.659551
0.627777778,15.659588
0.627891156,15.659633
0.628004535,15.659680
0.628117914,15.659736
0.628231293,15.659794
0.628344671,15.659858
0.628458050,15.659926
0.628571429,15.660000
0.628684807,15.660077
0.628798186,15.660159
0.628911565,15.660244
0.629024943,15.660333
0.629138322,15.660427
0.629251701,15.660524
0.629365079,15.660624
0.629478458,15.660727
0.629591837,15.660832
0.629705215,15.660943
0.629818594,15.661053
0.629931973,15.661168
0.630045351,15.661283
0.630158730,15.661402
0.630272109,15.661521
0.630385488,15.661643
0.630498866,15.661765
0.630612245,15.661889
0.630725624,15.662013
0.630839002,15.662141
0.630952381,15.662267
0.631065760,15.662395
0.631179138,15.662524
0.631292517,15.662652
0.631405896,15.662781
0.631519274,15.662910
0.631632653,15.663038
0.631746032,15.663168
0.631859410,15.663297
0.631972789,15.663424
0.632086168,15.663552
0.632199546,15.663680
0.632312925,15.663808
0.632426304,15.663934
0.632539683,15.664060
0.632653061,15.664184
0.632766440,15.664308
0.632879819,15.664430
0.632993197,15.664552
0.633106576,15.664673
0.633219955,15.664793
0.633333333,15.664912
0.633446712,15.665030
0.633560091,15.665146
0.633673469,15.665261
0.633786848,15.665377
0.633900227,15.665488
0.634013605,15.665600
0.634126984,15.665709
0.634240363,15.665818
0.634353741,15.665926
0.634467120,15.666031
0.634580499,15.666135
0.634693878,15.666238
0.634807256,15.666339
0.634920635,15.666436
0.635034014,15.666534
0.635147392,15.666632
0.635260771,15.666725
0.635374150,15.666818
0.635487528,15.666908
0.635600907,15.666997
0.635714286,15.667084
0.635827664,15.667167
0.635941043,15.667251
0.636054422,15.667332
0.636167800,15.667412
0.636281179,15.667488
0.636394558,15.667564
0.636507937,15.667639
0.636621315,15.667709
0.636734694,15.667780
0.636848073,15.667850
0.636961451,15.667917
0.637074830,15.667982
0.637188209,15.668048
0.637301587,15.668110
0.637414966,15.668172
0.637528345,15.668234
0.637641723,15.668295
0.637755102,15.668353
0.637868481,15.668411
0.637981859,15.668470
0.638095238,15.668527
0.638208617,15.668584
0.638321995,15.668640
0.638435374,15.668695
0.638548753,15.668752
0.638662132,15.668807
0.638775510,15.668861
0.638888889,15.668917
0.639002268,15.668972
0.639115646,15.669026
0.639229025,15.669084
0.639342404,15.669138
0.639455782,15.669195
0.639569161,15.669251
0.639682540,15.669309
0.639795918,15.669365
0.639909297,15.669424
0.640022676,15.669482
0.640136054,15.669540
0.640249433,15.669601
0.640362812,15.669662
0.640476190,15.669722
0.640589569,15.669784
0.640702948,15.669846
0.640816327,15.669909
0.640929705,15.669973
0.641043084,15.670037
0.641156463,15.670103
0.641269841,15.670170
0.641383220,15.670238
0.641496599,15.670306
0.641609977,15.670376
0.641723356,15.670448
0.641836735,15.670519
0.641950113,15.670594
0.642063492,15.670669
0.642176871,15.670746
0.642290249,15.670824
0.642403628,15.670904
0.642517007,15.670985
0.642630385,15.671069
0.642743764,15.671154
0.642857143,15.671243
0.642970522,15.671331
0.643083900,15.671423
0.643197279,15.671517
0.643310658,15.671613
0.643424036,15.671712
0.643537415,15.671813
0.643650794,15.671918
0.643764172,15.672025
0.643877551,15.672132
0.643990930,15.672244
0.644104308,15.672358
0.644217687,15.672475
0.644331066,15.672595
0.644444444,15.672718
0.644557823,15.672842
0.644671202,15.672969
0.644784580,15.673100
0.644897959,15.673233
0.645011338,15.673368
0.645124717,15.673509
0.645238095,15.673648
0.645351474,15.673792
0.645464853,15.673939
0.645578231,15.674088
0.645691610,15.674240
0.645804989,15.674395
0.645918367,15.674551
0.646031746,15.674708
0.646145125,15.674870
0.646258503,15.675035
0.646371882,15.675200
0.646485261,15.675368
0.646598639,15.675538
0.646712018,15.675710
0.646825397,15.675884
0.646938776,15.676061
0.647052154,15.676238
0.647165533,15.676419
0.647278912,15.676601
0.647392290,15.676786
0.647505669,15.676970
0.647619048,15.677158
0.647732426,15.677346
0.647845805,15.677536
0.647959184,15.677728
0.648072562,15.677920
0.648185941,15.678116
0.648299320,15.678310
0.648412698,15.678508
0.648526077,15.678706
0.648639456,15.678905
0.648752834,15.679105
0.648866213,15.679307
0.648979592,15.679509
0.649092971,15.679713
0.649206349,15.679918
0.649319728,15.680124
0.649433107,15.680330
0.649546485,15.680537
0.649659864,15.680747
0.649773243,15.680956
0.649886621,15.681167
0.650000000,15.681377
0.650113379,15.681589
0.650226757,15.681802
0.650340136,15.682014
0.650453515,15.682227
0.650566893,15.682440
0.650680272,15.682654
0.650793651,15.682869
0.650907029,15.683082
0.651020408,15.683296
0.651133787,15.683511
0.651247166,15.683725
0.651360544,15.683938
0.651473923,15.684151
0.651587302,15.684363
0.651700680,15.684574
0.651814059,15.684785
0.651927438,15.684996
0.652040816,15.685205
0.652154195,15.685412
0.652267574,15.685620
0.652380952,15.685823
0.652494331,15.686028
0.652607710,15.686232
0.652721088,15.686432
0.652834467,15.686630
0.652947846,15.686828
0.653061224,15.687022
0.653174603,15.687216
0.653287982,15.687407
0.653401361,15.687596
0.653514739,15.687783
0.653628118,15.687967
0.653741497,15.688149
0.653854875,15.688331
0.653968254,15.688508
0.654081633,15.688684
0.654195011,15.688855
0.654308390,15.689026
0.654421769,15.689194
0.654535147,15.689361
0.654648526,15.689524
0.654761905,15.689685
0.654875283,15.689843
0.654988662,15.689999
0.655102041,15.690153
0.655215420,15.690304
0.655328798,15.690453
0.655442177,15.690599
0.655555556,15.690743
0.655668934,15.690886
0.655782313,15.691026
0.655895692,15.691162
0.656009070,15.691297
0.656122449,15.691428
0.656235828,15.691557
0.656349206,15.691685
0.656462585,15.691809
0.656575964,15.691931
0.656689342,15.692052
0.656802721,15.692167
0.656916100,15.692283
0.657029478,15.692394
0.657142857,15.692504
0.657256236,15.692610
0.657369615,15.692713
0.657482993,15.692816
0.657596372,15.692915
0.657709751,15.693011
0.657823129,15.693105
0.657936508,15.693197
0.658049887,15.693286
0.658163265,15.693373
0.658276644,15.693458
0.658390023,15.693541
0.658503401,15.693621
0.658616780,15.693701
0.658730159,15.693777
0.658843537,15.693851
0.658956916,15.693924
0.659070295,15.693995
0.659183673,15.694066
0.659297052,15.694133
0.659410431,15.694201
0.659523810,15.694266
0.659637188,15.694331
0.659750567,15.694395
0.659863946,15.694459
0.659977324,15.694521
0.660090703,15.694583
0.660204082,15.694645
0.660317460,15.694708
0.660430839,15.694768
0.660544218,15.694830
0.660657596,15.694890
0.660770975,15.694952
0.660884354,15.695014
0.660997732,15.695076
0.661111111,15.695140
0.661224490,15.695204
0.661337868,15.695270
0.661451247,15.695335
0.661564626,15.695400
0.661678005,15.695470
0.661791383,15.695539
0.661904762,15.695610
0.662018141,15.695683
0.662131519,15.695757
0.662244898,15.695833
0.662358277,15.695911
0.662471655,15.695991
0.662585034,15.696073
0.662698413,15.696156
0.662811791,15.696240
0.662925170,15.696329
0.663038549,15.696418
0.663151927,15.696512
0.663265306,15.696606
0.663378685,15.696704
0.663492063,15.696803
0.663605442,15.696904
0.663718821,15.697008
0.663832200,15.697117
0.663945578,15.697227
0.664058957,15.697338
0.664172336,15.697453
0.664285714,15.697573
0.664399093,15.697695
0.664512472,15.697819
0.664625850,15.697947
0.664739229,15.698077
0.664852608,15.698213
0.664965986,15.698351
0.665079365,15.698492
0.665192744,15.698640
0.665306122,15.698789
0.665419501,15.698942
0.665532880,15.699100
0.665646259,15.699262
0.665759637,15.699429
0.665873016,15.699600
0.665986395,15.699776
0.666099773,15.699957
0.666213152,15.700141
0.666326531,15.700331
0.666439909,15.700525
0.666553288,15.700727
0.666666667,15.700932
0.666780045,15.701141
0.666893424,15.701357
0.667006803,15.701577
0.667120181,15.701804
0.667233560,15.702034
0.667346939,15.702272
0.667460317,15.702513
0.667573696,15.702762
0.667687075,15.703013
0.667800454,15.703272
0.667913832,15.703534
0.668027211,15.703804
0.668140590,15.704077
0.668253968,15.704357
0.668367347,15.704640
0.668480726,15.704929
0.668594104,15.705225
0.668707483,15.705523
0.668820862,15.705829
0.668934240,15.706139
0.669047619,15.706452
0.669160998,15.706771
0.669274376,15.707094
0.669387755,15.707424
0.669501134,15.707757
0.669614512,15.708094
0.669727891,15.708436
0.669841270,15.708781
0.669954649,15.709133
0.670068027,15.709489
0.670181406,15.709847
0.670294785,15.710211
0.670408163,15.710578
0.670521542,15.710950
0.670634921,15.711324
0.670748299,15.711703
0.670861678,15.712087
0.670975057,15.712473
0.671088435,15.712861
0.671201814,15.713255
0.671315193,15.713652
0.671428571,15.714050
0.671541950,15.714453
0.671655329,15.714859
0.671768707,15.715268
0.671882086,15.715680
0.671995465,15.716095
0.672108844,15.716511
0.672222222,15.716931
0.672335601,15.717353
0.672448980,15.717778
0.672562358,15.718204
0.672675737,15.718633
0.672789116,15.719064
0.672902494,15.719497
0.673015873,15.719933
0.673129252,15.720368
0.673242630,15.720807
0.673356009,15.721245
0.673469388,15.721686
0.673582766,15.722127
0.673696145,15.722570
0.673809524,15.723014
0.673922902,15.723458
0.674036281,15.723904
0.674149660,15.724349
0.674263039,15.724795
0.674376417,15.725243
0.674489796,15.725689
0.674603175,15.726135
0.674716553,15.726583
0.674829932,15.727029
0.674943311,15.727476
0.675056689,15.727921
0.675170068,15.728368
0.675283447,15.728812
0.675396825,15.729258
0.675510204,15.729703
0.675623583,15.730147
0.675736961,15.730591
0.675850340,15.731032
0.675963719,15.731475
0.676077098,15.731916
0.676190476,15.732356
0.676303855,15.732798
0.676417234,15.733237
0.676530612,15.733675
0.676643991,15.734115
0.676757370,15.734551
0.676870748,15.734989
0.676984127,15.735427
0.677097506,15.735863
0.677210884,15.736300
0.677324263,15.736733
0.677437642,15.737169
0.677551020,15.737606
0.677664399,15.738040
0.677777778,15.738476
0.677891156,15.738911
0.678004535,15.739347
0.678117914,15.739781
0.678231293,15.740217
0.678344671,15.740653
0.678458050,15.741089
0.678571429,15.741528
0.678684807,15.741965
0.678798186,15.742403
0.678911565,15.742841
0.679024943,15.743279
0.679138322,15.743718
0.679251701,15.744160
0.679365079,15.744599
0.679478458,15.745043
0.679591837,15.745484
0.679705215,15.745927
0.679818594,15.746370
0.679931973,15.746816
0.680045351,15.747260
0.680158730,15.747707
0.680272109,15.748156
0.680385488,15.748603
0.680498866,15.749053
0.680612245,15.749503
0.680725624,15.749955
0.680839002,15.750407
0.680952381,15.750863
0.681065760,15.751318
0.681179138,15.751776
0.681292517,15.752236
0.681405896,15.752698
0.681519274,15.753162
0.681632653,15.753629
0.681746032,15.754096
0.681859410,15.754568
0.681972789,15.755043
0.682086168,15.755520
0.682199546,15.756001
0.682312925,15.756484
0.682426304,15.756971
0.682539683,15.757462
0.682653061,15.757957
0.682766440,15.758455
0.682879819,15.758959
0.682993197,15.759466
0.683106576,15.759976
0.683219955,15.760494
0.683333333,15.761016
0.683446712,15.761540
0.683560091,15.762073
0.683673469,15.762608
0.683786848,15.763148
0.683900227,15.763696
0.684013605,15.764247
0.684126984,15.764806
0.684240363,15.765368
0.684353741,15.765937
0.684467120,15.766511
0.684580499,15.767091
0.684693878,15.767677
0.684807256,15.768270
0.684920635,15.768869
0.685034014,15.769474
0.685147392,15.770083
0.685260771,15.770700
0.685374150,15.771322
0.685487528,15.771952
0.685600907,15.772589
0.685714286,15.773231
0.685827664,15.773877
0.685941043,15.774531
0.686054422,15.775192
0.686167800,15.775859
0.686281179,15.776533
0.686394558,15.777214
0.686507937,15.777900
0.686621315,15.778593
0.686734694,15.779291
0.686848073,15.779999
0.686961451,15.780709
0.687074830,15.781429
0.687188209,15.782154
0.687301587,15.782887
0.687414966,15.783626
0.687528345,15.784370
0.687641723,15.785122
0.687755102,15.785881
0.687868481,15.786645
0.687981859,15.787416
0.688095238,15.788195
0.688208617,15.788980
0.688321995,15.789770
0.688435374,15.790568
0.688548753,15.791373
0.688662132,15.792183
0.688775510,15.793000
0.688888889,15.793825
0.689002268,15.794655
0.689115646,15.795491
0.689229025,15.796335
0.689342404,15.797184
0.689455782,15.798040
0.689569161,15.798903
0.689682540,15.799772
0.689795918,15.800647
0.689909297,15.801530
0.690022676,15.802416
0.690136054,15.803309
0.690249433,15.804210
0.690362812,15.805114
0.690476190,15.806027
0.690589569,15.806944
0.690702948,15.807865
0.690816327,15.808794
0.690929705,15.809729
0.691043084,15.810666
0.691156463,15.811611
0.691269841,15.812562
0.691383220,15.813516
0.691496599,15.814476
0.691609977,15.815440
0.691723356,15.816408
0.691836735,15.817384
0.691950113,15.818360
0.692063492,15.819345
0.692176871,15.820330
0.692290249,15.821321
0.692403628,15.822317
0.692517007,15.823316
0.692630385,15.824319
0.692743764,15.825324
0.692857143,15.826334
0.692970522,15.827347
0.693083900,15.828364
0.693197279,15.829384
0.693310658,15.830406
0.693424036,15.831433
0.693537415,15.832463
0.693650794,15.833495
0.693764172,15.834530
0.693877551,15.835569
0.693990930,15.836610
0.694104308,15.837652
0.694217687,15.838698
0.694331066,15.839746
0.694444444,15.840797
0.694557823,15.841850
0.694671202,15.842905
0.694784580,15.843962
0.694897959,15.845019
0.695011338,15.846080
0.695124717,15.847142
0.695238095,15.848204
0.695351474,15.849269
0.695464853,15.850333
0.695578231,15.851400
0.695691610,15.852468
0.695804989,15.853535
0.695918367,15.854602
0.696031746,15.855671
0.696145125,15.856738
0.696258503,15.857805
0.696371882,15.858874
0.696485261,15.859941
0.696598639,15.861007
0.696712018,15.862074
0.696825397,15.863138
0.696938776,15.864202
0.697052154,15.865263
0.697165533,15.866325
0.697278912,15.867384
0.697392290,15.868443
0.697505669,15.869498
0.697619048,15.870552
0.697732426,15.871605
0.697845805,15.872654
0.697959184,15.873702
0.698072562,15.874748
0.698185941,15.875793
0.698299320,15.876835
0.698412698,15.877873
0.698526077,15.878910
0.698639456,15.879944
0.698752834,15.880976
0.698866213,15.882006
0.698979592,15.883034
0.699092971,15.884059
0.699206349,15.885081
0.699319728,15.886103
0.699433107,15.887120
0.699546485,15.888136
0.699659864,15.889149
0.699773243,15.890159
0.699886621,15.891168
0.700000000,15.892173
0.700113379,15.893176
0.700226757,15.894177
0.700340136,15.895176
0.700453515,15.896173
0.700566893,15.897165
0.700680272,15.898156
0.700793651,15.899143
0.700907029,15.900129
0.701020408,15.901112
0.701133787,15.902092
0.701247166,15.903069
0.701360544,15.904043
0.701473923,15.905015
0.701587302,15.905983
0.701700680,15.906949
0.701814059,15.907913
0.701927438,15.908873
0.702040816,15.909832
0.702154195,15.910786
0.702267574,15.911737
0.702380952,15.912687
0.702494331,15.913632
0.702607710,15.914576
0.702721088,15.915517
0.702834467,15.916455
0.702947846,15.917389
0.703061224,15.918322
0.703174603,15.919250
0.703287982,15.920177
0.703401361,15.921103
0.703514739,15.922025
0.703628118,15.922943
0.703741497,15.923860
0.703854875,15.924775
0.703968254,15.925688
0.704081633,15.926597
0.704195011,15.927505
0.704308390,15.928411
0.704421769,15.929315
0.704535147,15.930216
0.704648526,15.931116
0.704761905,15.932013
0.704875283,15.932908
0.704988662,15.933804
0.705102041,15.934697
0.705215420,15.935589
0.705328798,15.936479
0.705442177,15.937366
0.705555556,15.938253
0.705668934,15.939139
0.705782313,15.940026
0.705895692,15.940909
0.706009070,15.941792
0.706122449,15.942675
0.706235828,15.943556
0.706349206,15.944437
0.706462585,15.945316
0.706575964,15.946194
0.706689342,15.947073
0.706802721,15.947948
0.706916100,15.948826
0.707029478,15.949702
0.707142857,15.950576
0.707256236,15.951450
0.707369615,15.952324
0.707482993,15.953197
0.707596372,15.954066
0.707709751,15.954937
0.707823129,15.955808
0.707936508,15.956676
0.708049887,15.957543
0.708163265,15.958410
0.708276644,15.959275
0.708390023,15.960138
0.708503401,15.961002
0.708616780,15.961864
0.708730159,15.962725
0.708843537,15.963583
0.708956916,15.964443
0.709070295,15.965300
0.709183673,15.966155
0.709297052,15.967009
0.709410431,15.967863
0.709523810,15.968714
0.709637188,15.969563
0.709750567,15.970412
0.709863946,15.971259
0.709977324,15.972105
0.710090703,15.972951
0.710204082,15.973793
0.710317460,15.974635
0.710430839,15.975473
0.710544218,15.976312
0.710657596,15.977150
0.710770975,15.977985
0.710884354,15.978819
0.710997732,15.979650
0.711111111,15.980481
0.711224490,15.981309
0.711337868,15.982136
0.711451247,15.982962
0.711564626,15.983784
0.711678005,15.984605
0.711791383,15.985424
0.711904762,15.986241
0.712018141,15.987055
0.712131519,15.987867
0.712244898,15.988675
0.712358277,15.989482
0.712471655,15.990285
0.712585034,15.991086
0.712698413,15.991882
0.712811791,15.992677
0.712925170,15.993465
0.713038549,15.994252
0.713151927,15.995034
0.713265306,15.995811
0.713378685,15.996584
0.713492063,15.997354
0.713605442,15.998117
0.713718821,15.998876
0.713832200,15.999631
0.713945578,16.000380
0.714058957,16.001123
0.714172336,16.001863
0.714285714,16.002596
0.714399093,16.003323
0.714512472,16.004044
0.714625850,16.004761
0.714739229,16.005468
0.714852608,16.006172
0.714965986,16.006870
0.715079365,16.007559
0.715192744,16.008244
0.715306122,16.008921
0.715419501,16.009592
0.715532880,16.010256
0.715646259,16.010914
0.715759637,16.011564
0.715873016,16.012207
0.715986395,16.012844
0.716099773,16.013474
0.716213152,16.014093
0.716326531,16.014709
0.716439909,16.015316
0.716553288,16.015913
0.716666667,16.016504
0.716780045,16.017088
0.716893424,16.017662
0.717006803,16.018230
0.717120181,16.018787
0.717233560,16.019339
0.717346939,16.019878
0.717460317,16.020412
0.717573696,16.020935
0.717687075,16.021450
0.717800454,16.021955
0.717913832,16.022453
0.718027211,16.022942
0.718140590,16.023418
0.718253968,16.023888
0.718367347,16.024347
0.718480726,16.024797
0.718594104,16.025238
0.718707483,16.025669
0.718820862,16.026089
0.718934240,16.026499
0.719047619,16.026899
0.719160998,16.027288
0.719274376,16.027670
0.719387755,16.028040
0.719501134,16.028399
0.719614512,16.028748
0.719727891,16.029089
0.719841270,16.029417
0.719954649,16.029734
0.720068027,16.030043
0.720181406,16.030338
0.720294785,16.030624
0.720408163,16.030901
0.720521542,16.031168
0.720634921,16.031424
0.720748299,16.031668
0.720861678,16.031904
0.720975057,16.032127
0.721088435,16.032341
0.721201814,16.032547
0.721315193,16.032740
0.721428571,16.032925
0.721541950,16.033098
0.721655329,16.033262
0.721768707,16.033415
0.721882086,16.033560
0.721995465,16.033691
0.722108844,16.033815
0.722222222,16.033932
0.722335601,16.034037
0.722448980,16.034132
0.722562358,16.034216
0.722675737,16.034292
0.722789116,16.034361
0.722902494,16.034418
0.723015873,16.034468
0.723129252,16.034506
0.723242630,16.034536
0.723356009,16.034557
0.723469388,16.034569
0.723582766,16.034573
0.723696145,16.034569
0.723809524,16.034554
0.723922902,16.034531
0.724036281,16.034498
0.724149660,16.034460
0.724263039,16.034410
0.724376417,16.034353
0.724489796,16.034288
0.724603175,16.034214
0.724716553,16.034130
0.724829932,16.034040
0.724943311,16.033939
0.725056689,16.033833
0.725170068,16.033716
0.725283447,16.033592
0.725396825,16.033461
0.725510204,16.033319
0.725623583,16.033173
0.725736961,16.033018
0.725850340,16.032856
0.725963719,16.032684
0.726077098,16.032507
0.726190476,16.032324
0.726303855,16.032131
0.726417234,16.031931
0.726530612,16.031729
0.726643991,16.031515
0.726757370,16.031296
0.726870748,16.031071
0.726984127,16.030838
0.727097506,16.030600
0.727210884,16.030355
0.727324263,16.030106
0.727437642,16.029850
0.727551020,16.029591
0.727664399,16.029322
0.727777778,16.029051
0.727891156,16.028772
0.728004535,16.028490
0.728117914,16.028204
0.728231293,16.027910
0.728344671,16.027615
0.728458050,16.027311
0.728571429,16.027006
0.728684807,16.026695
0.728798186,16.026381
0.728911565,16.026060
0.729024943,16.025736
0.729138322,16.025408
0.729251701,16.025074
0.729365079,16.024738
0.729478458,16.024395
0.729591837,16.024050
0.729705215,16.023699
0.729818594,16.023344
0.729931973,16.022984
0.730045351,16.022621
0.730158730,16.022255
0.730272109,16.021881
0.730385488,16.021505
0.730498866,16.021124
0.730612245,16.020741
0.730725624,16.020350
0.730839002,16.019957
0.730952381,16.019560
0.731065760,16.019157
0.731179138,16.018751
0.731292517,16.018341
0.731405896,16.017927
0.731519274,16.017508
0.731632653,16.017086
0.731746032,16.016659
0.731859410,16.016228
0.731972789,16.015795
0.732086168,16.015356
0.732199546,16.014914
0.732312925,16.014467
0.732426304,16.014017
0.732539683,16.013563
0.732653061,16.013105
0.732766440,16.012646
0.732879819,16.012180
0.732993197,16.011713
0.733106576,16.011240
0.733219955,16.010765
0.733333333,16.010286
0.733446712,16.009804
0.733560091,16.009315
0.733673469,16.008827
0.733786848,16.008331
0.733900227,16.007833
0.734013605,16.007334
0.734126984,16.006826
0.734240363,16.006319
0.734353741,16.005804
0.734467120,16.005287
0.734580499,16.004765
0.734693878,16.004238
0.734807256,16.003706
0.734920635,16.003172
0.735034014,16.002632
0.735147392,16.002087
0.735260771,16.001537
0.735374150,16.000982
0.735487528,16.000423
0.735600907,15.999858
0.735714286,15.999290
0.735827664,15.998713
0.735941043,15.998134
0.736054422,15.997546
0.736167800,15.996956
0.736281179,15.996359
0.736394558,15.995756
0.736507937,15.995148
0.736621315,15.994533
0.736734694,15.993912
0.736848073,15.993286
0.736961451,15.992654
0.737074830,15.992015
0.737188209,15.991372
0.737301587,15.990721
0.737414966,15.990066
0.737528345,15.989402
0.737641723,15.988734
0.737755102,15.988060
0.737868481,15.987379
0.737981859,15.986693
0.738095238,15.986000
0.738208617,15.985302
0.738321995,15.984598
0.738435374,15.983887
0.738548753,15.983171
0.738662132,15.982450
0.738775510,15.981721
0.738888889,15.980987
0.739002268,15.980246
0.739115646,15.979499
0.739229025,15.978747
0.739342404,15.977989
0.739455782,15.977223
0.739569161,15.976452
0.739682540,15.975676
0.739795918,15.974892
0.739909297,15.974103
0.740022676,15.973307
0.740136054,15.972506
0.740249433,15.971697
0.740362812,15.970881
0.740476190,15.970061
0.740589569,15.969233
0.740702948,15.968398
0.740816327,15.967558
0.740929705,15.966710
0.741043084,15.965856
0.741156463,15.964994
0.741269841,15.964126
0.741383220,15.963251
0.741496599,15.962369
0.741609977,15.961480
0.741723356,15.960586
0.741836735,15.959684
0.741950113,15.958776
0.742063492,15.957861
0.742176871,15.956939
0.742290249,15.956010
0.742403628,15.955073
0.742517007,15.954132
0.742630385,15.953184
0.742743764,15.952230
0.742857143,15.951269
0.742970522,15.950303
0.743083900,15.949329
0.743197279,15.948349
0.743310658,15.947366
0.743424036,15.946375
0.743537415,15.945378
0.743650794,15.944377
0.743764172,15.943368
0.743877551,15.942355
0.743990930,15.941338
0.744104308,15.940315
0.744217687,15.939287
0.744331066,15.938255
0.744444444,15.937218
0.744557823,15.936175
0.744671202,15.935129
0.744784580,15.934078
0.744897959,15.933023
0.745011338,15.931965
0.745124717,15.930903
0.745238095,15.929836
0.745351474,15.928767
0.745464853,15.927692
0.745578231,15.926617
0.745691610,15.925537
0.745804989,15.924454
0.745918367,15.923368
0.746031746,15.922280
0.746145125,15.921190
0.746258503,15.920096
0.746371882,15.919001
0.746485261,15.917903
0.746598639,15.916804
0.746712018,15.915703
0.746825397,15.914598
0.746938776,15.913494
0.747052154,15.912388
0.747165533,15.911282
0.747278912,15.910173
0.747392290,15.909064
0.747505669,15.907954
0.747619048,15.906844
0.747732426,15.905733
0.747845805,15.904621
0.747959184,15.903512
0.748072562,15.902400
0.748185941,15.901290
0.748299320,15.900181
0.748412698,15.899073
0.748526077,15.897963
0.748639456,15.896856
0.748752834,15.895750
0.748866213,15.894646
0.748979592,15.893543
0.749092971,15.892444
0.749206349,15.891345
0.749319728,15.890247
0.749433107,15.889153
0.749546485,15.888062
0.749659864,15.886973
0.749773243,15.885886
0.749886621,15.884803
0.750000000,15.883723
0.750113379,15.882648
0.750226757,15.881574
0.750340136,15.880505
0.750453515,15.879438
0.750566893,15.878375
0.750680272,15.877316
0.750793651,15.876262
0.750907029,15.875213
0.751020408,15.874165
0.751133787,15.873122
0.751247166,15.872084
0.751360544,15.871050
0.751473923,15.870020
0.751587302,15.868994
0.751700680,15.867970
0.751814059,15.866953
0.751927438,15.865939
0.752040816,15.864928
0.752154195,15.863923
0.752267574,15.862922
0.752380952,15.861923
0.752494331,15.860929
0.752607710,15.859940
0.752721088,15.858954
0.752834467,15.857972
0.752947846,15.856994
0.753061224,15.856018
0.753174603,15.855048
0.753287982,15.854080
0.753401361,15.853118
0.753514739,15.852159
0.753628118,15.851203
0.753741497,15.850251
0.753854875,15.849303
0.753968254,15.848360
0.754081633,15.847419
0.754195011,15.846482
0.754308390,15.845550
0.754421769,15.844621
0.754535147,15.843696
0.754648526,15.842775
0.754761905,15.841857
0.754875283,15.840944
0.754988662,15.840033
0.755102041,15.839127
0.755215420,15.838224
0.755328798,15.837326
0.755442177,15.836431
0.755555556,15.835539
0.755668934,15.834651
0.755782313,15.833766
0.755895692,15.832883
0.756009070,15.832006
0.756122449,15.831130
0.756235828,15.830259
0.756349206,15.829389
0.756462585,15.828524
0.756575964,15.827661
0.756689342,15.826799
0.756802721,15.825941
0.756916100,15.825085
0.757029478,15.824230
0.757142857,15.823380
0.757256236,15.822530
0.757369615,15.821681
0.757482993,15.820835
0.757596372,15.819991
0.757709751,15.819147
0.757823129,15.818305
0.757936508,15.817465
0.758049887,15.816625
0.758163265,15.815786
0.758276644,15.814950
0.758390023,15.814111
0.758503401,15.813276
0.758616780,15.812439
0.758730159,15.811604
0.758843537,15.810769
0.758956916,15.809935
0.759070295,15.809101
0.759183673,15.808266
0.759297052,15.807433
0.759410431,15.806600
0.759523810,15.805766
0.759637188,15.804934
0.759750567,15.804100
0.759863946,15.803267
0.759977324,15.802435
0.760090703,15.801602
0.760204082,15.800769
0.760317460,15.799937
0.760430839,15.799105
0.760544218,15.798271
0.760657596,15.797440
0.760770975,15.796608
0.760884354,15.795774
0.760997732,15.794944
0.761111111,15.794112
0.761224490,15.793281
0.761337868,15.792449
0.761451247,15.791617
0.761564626,15.790786
0.761678005,15.789956
0.761791383,15.789127
0.761904762,15.788298
0.762018141,15.787468
0.762131519,15.786638
0.762244898,15.785810
0.762358277,15.784984
0.762471655,15.784156
0.762585034,15.783330
0.762698413,15.782505
0.762811791,15.781681
0.762925170,15.780857
0.763038549,15.780034
0.763151927,15.779212
0.763265306,15.778391
0.763378685,15.777572
0.763492063,15.776752
0.763605442,15.775935
0.763718821,15.775120
0.763832200,15.774306
0.763945578,15.773493
0.764058957,15.772682
0.764172336,15.771873
0.764285714,15.771064
0.764399093,15.770259
0.764512472,15.769454
0.764625850,15.768653
0.764739229,15.767853
0.764852608,15.767057
0.764965986,15.766263
0.765079365,15.765472
0.765192744,15.764684
0.765306122,15.763898
0.765419501,15.763116
0.765532880,15.762338
0.765646259,15.761561
0.765759637,15.760791
0.765873016,15.760023
0.765986395,15.759258
0.766099773,15.758498
0.766213152,15.757743
0.766326531,15.756991
0.766439909,15.756245
0.766553288,15.755504
0.766666667,15.754766
0.766780045,15.754034
0.766893424,15.753309
0.767006803,15.752587
0.767120181,15.751871
0.767233560,15.751163
0.767346939,15.750459
0.767460317,15.749760
0.767573696,15.749068
0.767687075,15.748384
0.767800454,15.747705
0.767913832,15.747033
0.768027211,15.746368
0.768140590,15.745709
0.768253968,15.745059
0.768367347,15.744415
0.768480726,15.743777
0.768594104,15.743148
0.768707483,15.742527
0.768820862,15.741912
0.768934240,15.741305
0.769047619,15.740706
0.769160998,15.740116
0.769274376,15.739532
0.769387755,15.738958
0.769501134,15.738393
0.769614512,15.737834
0.769727891,15.737285
0.769841270,15.736744
0.769954649,15.736213
0.770068027,15.735687
0.770181406,15.735175
0.770294785,15.734670
0.770408163,15.734174
0.770521542,15.733687
0.770634921,15.733212
0.770748299,15.732746
0.770861678,15.732289
0.770975057,15.731844
0.771088435,15.731408
0.771201814,15.730983
0.771315193,15.730568
0.771428571,15.730164
0.771541950,15.729770
0.771655329,15.729387
0.771768707,15.729014
0.771882086,15.728655
0.771995465,15.728306
0.772108844,15.727969
0.772222222,15.727641
0.772335601,15.727327
0.772448980,15.727024
0.772562358,15.726731
0.772675737,15.726451
0.772789116,15.726184
0.772902494,15.725926
0.773015873,15.725682
0.773129252,15.725450
0.773242630,15.725228
0.773356009,15.725019
0.773469388,15.724820
0.773582766,15.724634
0.773696145,15.724459
0.773809524,15.724296
0.773922902,15.724143
0.774036281,15.724003
0.774149660,15.723873
0.774263039,15.723755
0.774376417,15.723648
0.774489796,15.723553
0.774603175,15.723468
0.774716553,15.723393
0.774829932,15.723330
0.774943311,15.723276
0.775056689,15.723233
0.775170068,15.723204
0.775283447,15.723182
0.775396825,15.723171
0.775510204,15.723169
0.775623583,15.723181
0.775736961,15.723200
0.775850340,15.723230
0.775963719,15.723270
0.776077098,15.723322
0.776190476,15.723383
0.776303855,15.723454
0.776417234,15.723534
0.776530612,15.723623
0.776643991,15.723722
0.776757370,15.723833
0.776870748,15.723951
0.776984127,15.724081
0.777097506,15.724219
0.777210884,15.724366
0.777324263,15.724524
0.777437642,15.724690
0.777551020,15.724866
0.777664399,15.725053
0.777777778,15.725247
0.777891156,15.725450
0.778004535,15.725662
0.778117914,15.725883
0.778231293,15.726112
0.778344671,15.726350
0.778458050,15.726597
0.778571429,15.726851
0.778684807,15.727115
0.778798186,15.727386
0.778911565,15.727664
0.779024943,15.727949
0.779138322,15.728242
0.779251701,15.728541
0.779365079,15.728849
0.779478458,15.729163
0.779591837,15.729485
0.779705215,15.729811
0.779818594,15.730144
0.779931973,15.730482
0.780045351,15.730828
0.780158730,15.731179
0.780272109,15.731536
0.780385488,15.731895
0.780498866,15.732263
0.780612245,15.732633
0.780725624,15.733008
0.780839002,15.733390
0.780952381,15.733775
0.781065760,15.734163
0.781179138,15.734554
0.781292517,15.734952
0.781405896,15.735351
0.781519274,15.735755
0.781632653,15.736161
0.781746032,15.736570
0.781859410,15.736981
0.781972789,15.737398
0.782086168,15.737815
0.782199546,15.738236
0.782312925,15.738659
0.782426304,15.739084
0.782539683,15.739513
0.782653061,15.739943
0.782766440,15.740375
0.782879819,15.740809
0.782993197,15.741245
0.783106576,15.741683
0.783219955,15.742123
0.783333333,15.742564
0.783446712,15.743008
0.783560091,15.743450
0.783673469,15.743897
0.783786848,15.744344
0.783900227,15.744793
0.784013605,15.745243
0.784126984,15.745693
0.784240363,15.746145
0.784353741,15.746597
0.784467120,15.747051
0.784580499,15.747505
0.784693878,15.747961
0.784807256,15.748416
0.784920635,15.748872
0.785034014,15.749330
0.785147392,15.749786
0.785260771,15.750242
0.785374150,15.750701
0.785487528,15.751159
0.785600907,15.751616
0.785714286,15.752073
0.785827664,15.752531
0.785941043,15.752988
0.786054422,15.753446
0.786167800,15.753901
0.786281179,15.754358
0.786394558,15.754814
0.786507937,15.755268
0.786621315,15.755724
0.786734694,15.756178
0.786848073,15.756630
0.786961451,15.757084
0.787074830,15.757536
0.787188209,15.757986
0.787301587,15.758436
0.787414966,15.758886
0.787528345,15.759336
0.787641723,15.759786
0.787755102,15.760234
0.787868481,15.760680
0.787981859,15.761129
0.788095238,15.761578
0.788208617,15.762024
0.788321995,15.762471
0.788435374,15.762918
0.788548753,15.763367
0.788662132,15.763813
0.788775510,15.764259
0.788888889,15.764707
0.789002268,15.765153
0.789115646,15.765602
0.789229025,15.766050
0.789342404,15.766497
0.789455782,15.766946
0.789569161,15.767396
0.789682540,15.767844
0.789795918,15.768294
0.789909297,15.768744
0.790022676,15.769194
0.790136054,15.769646
0.790249433,15.770096
0.790362812,15.770548
0.790476190,15.771000
0.790589569,15.771452
0.790702948,15.771904
0.790816327,15.772358
0.790929705,15.772810
0.791043084,15.773262
0.791156463,15.773716
0.791269841,15.774170
0.791383220,15.774622
0.791496599,15.775076
0.791609977,15.775530
0.791723356,15.775983
0.791836735,15.776437
0.791950113,15.776891
0.792063492,15.777345
0.792176871,15.777799
0.792290249,15.778253
0.792403628,15.778708
0.792517007,15.779163
0.792630385,15.779619
0.792743764,15.780075
0.792857143,15.780532
0.792970522,15.780990
0.793083900,15.781447
0.793197279,15.781906
0.793310658,15.782367
0.793424036,15.782828
0.793537415,15.783289
0.793650794,15.783753
0.793764172,15.784216
0.793877551,15.784682
0.793990930,15.785149
0.794104308,15.785617
0.794217687,15.786085
0.794331066,15.786556
0.794444444,15.787028
0.794557823,15.787501
0.794671202,15.787974
0.794784580,15.788451
0.794897959,15.788928
0.795011338,15.789405
0.795124717,15.789886
0.795238095,15.790366
0.795351474,15.790850
0.795464853,15.791332
0.795578231,15.791818
0.795691610,15.792304
0.795804989,15.792791
0.795918367,15.793279
0.796031746,15.793768
0.796145125,15.794259
0.796258503,15.794750
0.796371882,15.795241
0.796485261,15.795732
0.796598639,15.796226
0.796712018,15.796718
0.796825397,15.797211
0.796938776,15.797706
0.797052154,15.798199
0.797165533,15.798693
0.797278912,15.799186
0.797392290,15.799681
0.797505669,15.800175
0.797619048,15.800668
0.797732426,15.801161
0.797845805,15.801654
0.797959184,15.802146
0.798072562,15.802637
0.798185941,15.803128
0.798299320,15.803619
0.798412698,15.804109
0.798526077,15.804598
0.798639456,15.805086
0.798752834,15.805572
0.798866213,15.806059
0.798979592,15.806543
0.799092971,15.807027
0.799206349,15.807509
0.799319728,15.807991
0.799433107,15.808470
0.799546485,15.808949
0.799659864,15.809425
0.799773243,15.809902
0.799886621,15.810376
0.800000000,15.810847
0.800113379,15.811318
0.800226757,15.811787
0.800340136,15.812253
0.800453515,15.812717
0.800566893,15.813180
0.800680272,15.813642
0.800793651,15.814098
0.800907029,15.814554
0.801020408,15.815008
0.801133787,15.815458
0.801247166,15.815907
0.801360544,15.816350
0.801473923,15.816792
0.801587302,15.817231
0.801700680,15.817665
0.801814059,15.818096
0.801927438,15.818523
0.802040816,15.818947
0.802154195,15.819367
0.802267574,15.819784
0.802380952,15.820195
0.802494331,15.820601
0.802607710,15.821004
0.802721088,15.821403
0.802834467,15.821796
0.802947846,15.822185
0.803061224,15.822567
0.803174603,15.822947
0.803287982,15.823318
0.803401361,15.823688
0.803514739,15.824051
0.803628118,15.824409
0.803741497,15.824760
0.803854875,15.825108
0.803968254,15.825450
0.804081633,15.825785
0.804195011,15.826117
0.804308390,15.826441
0.804421769,15.826760
0.804535147,15.827076
0.804648526,15.827384
0.804761905,15.827687
0.804875283,15.827985
0.804988662,15.828278
0.805102041,15.828565
0.805215420,15.828848
0.805328798,15.829124
0.805442177,15.829396
0.805555556,15.829664
0.805668934,15.829926
0.805782313,15.830183
0.805895692,15.830435
0.806009070,15.830682
0.806122449,15.830924
0.806235828,15.831161
0.806349206,15.831394
0.806462585,15.831623
0.806575964,15.831846
0.806689342,15.832065
0.806802721,15.832278
0.806916100,15.832488
0.807029478,15.832693
0.807142857,15.832893
0.807256236,15.833091
0.807369615,15.833282
0.807482993,15.833470
0.807596372,15.833652
0.807709751,15.833832
0.807823129,15.834007
0.807936508,15.834179
0.808049887,15.834346
0.808163265,15.834511
0.808276644,15.834670
0.808390023,15.834826
0.808503401,15.834979
0.808616780,15.835128
0.808730159,15.835275
0.808843537,15.835419
0.808956916,15.835558
0.809070295,15.835695
0.809183673,15.835830
0.809297052,15.835962
0.809410431,15.836092
0.809523810,15.836222
0.809637188,15.836348
0.809750567,15.836472
0.809863946,15.836596
0.809977324,15.836718
0.810090703,15.836839
0.810204082,15.836957
0.810317460,15.837078
0.810430839,15.837194
0.810544218,15.837314
0.810657596,15.837432
0.810770975,15.837549
0.810884354,15.837668
0.810997732,15.837787
0.811111111,15.837906
0.811224490,15.838024
0.811337868,15.838143
0.811451247,15.838264
0.811564626,15.838386
0.811678005,15.838509
0.811791383,15.838633
0.811904762,15.838757
0.812018141,15.838882
0.812131519,15.839010
0.812244898,15.839138
0.812358277,15.839269
0.812471655,15.839400
0.812585034,15.839533
0.812698413,15.839667
0.812811791,15.839805
0.812925170,15.839943
0.813038549,15.840082
0.813151927,15.840224
0.813265306,15.840368
0.813378685,15.840513
0.813492063,15.840659
0.813605442,15.840808
0.813718821,15.840959
0.813832200,15.841111
0.813945578,15.841265
0.814058957,15.841421
0.814172336,15.841580
0.814285714,15.841740
0.814399093,15.841902
0.814512472,15.842067
0.814625850,15.842231
0.814739229,15.842400
0.814852608,15.842569
0.814965986,15.842742
0.815079365,15.842916
0.815192744,15.843093
0.815306122,15.843272
0.815419501,15.843452
0.815532880,15.843637
0.815646259,15.843823
0.815759637,15.844011
0.815873016,15.844203
0.815986395,15.844398
0.816099773,15.844594
0.816213152,15.844793
0.816326531,15.844995
0.816439909,15.845201
0.816553288,15.845408
0.816666667,15.845617
0.816780045,15.845832
0.816893424,15.846046
0.817006803,15.846264
0.817120181,15.846486
0.817233560,15.846709
0.817346939,15.846934
0.817460317,15.847163
0.817573696,15.847394
0.817687075,15.847626
0.817800454,15.847861
0.817913832,15.848098
0.818027211,15.848337
0.818140590,15.848577
0.818253968,15.848821
0.818367347,15.849066
0.818480726,15.849312
0.818594104,15.849560
0.818707483,15.849810
0.818820862,15.850060
0.818934240,15.850311
0.819047619,15.850565
0.819160998,15.850821
0.819274376,15.851074
0.819387755,15.851331
0.819501134,15.851586
0.819614512,15.851843
0.819727891,15.852102
0.819841270,15.852359
0.819954649,15.852618
0.820068027,15.852875
0.820181406,15.853134
0.820294785,15.853393
0.820408163,15.853652
0.820521542,15.853909
0.820634921,15.854168
0.820748299,15.854424
0.820861678,15.854682
0.820975057,15.854939
0.821088435,15.855196
0.821201814,15.855451
0.821315193,15.855706
0.821428571,15.855962
0.821541950,15.856215
0.821655329,15.856468
0.821768707,15.856720
0.821882086,15.856972
0.821995465,15.857222
0.822108844,15.857472
0.822222222,15.857722
0.822335601,15.857970
0.822448980,15.858216
0.822562358,15.858461
0.822675737,15.858706
0.822789116,15.858951
0.822902494,15.859192
0.823015873,15.859433
0.823129252,15.859672
0.823242630,15.859910
0.823356009,15.860147
0.823469388,15.860381
0.823582766,15.860614
0.823696145,15.860844
0.823809524,15.861074
0.823922902,15.861301
0.824036281,15.861525
0.824149660,15.861748
0.824263039,15.861968
0.824376417,15.862185
0.824489796,15.862400
0.824603175,15.862613
0.824716553,15.862823
0.824829932,15.863029
0.824943311,15.863234
0.825056689,15.863436
0.825170068,15.863634
0.825283447,15.863831
0.825396825,15.864024
0.825510204,15.864214
0.825623583,15.864400
0.825736961,15.864585
0.825850340,15.864767
0.825963719,15.864946
0.826077098,15.865122
0.826190476,15.865295
0.826303855,15.865465
0.826417234,15.865632
0.826530612,15.865797
0.826643991,15.865958
0.826757370,15.866117
0.826870748,15.866274
0.826984127,15.866428
0.827097506,15.866581
0.827210884,15.866730
0.827324263,15.866875
0.827437642,15.867019
0.827551020,15.867161
0.827664399,15.867300
0.827777778,15.867437
0.827891156,15.867572
0.828004535,15.867702
0.828117914,15.867834
0.828231293,15.867962
0.828344671,15.868088
0.828458050,15.868212
0.828571429,15.868334
0.828684807,15.868455
0.828798186,15.868571
0.828911565,15.868689
0.829024943,15.868802
0.829138322,15.868916
0.829251701,15.869025
0.829365079,15.869134
0.829478458,15.869242
0.829591837,15.869347
0.829705215,15.869451
0.829818594,15.869552
0.829931973,15.869653
0.830045351,15.869752
0.830158730,15.869850
0.830272109,15.869946
0.830385488,15.870041
0.830498866,15.870135
0.830612245,15.870227
0.830725624,15.870319
0.830839002,15.870408
0.830952381,15.870499
0.831065760,15.870587
0.831179138,15.870674
0.831292517,15.870761
0.831405896,15.870848
0.831519274,15.870933
0.831632653,15.871018
0.831746032,15.871103
0.831859410,15.871188
0.831972789,15.871273
0.832086168,15.871358
0.832199546,15.871446
0.832312925,15.871531
0.832426304,15.871617
0.832539683,15.871704
0.832653061,15.871791
0.832766440,15.871880
0.832879819,15.871970
0.832993197,15.872061
0.833106576,15.872152
0.833219955,15.872245
0.833333333,15.872338
0.833446712,15.872437
0.833560091,15.872534
0.833673469,15.872633
0.833786848,15.872734
0.833900227,15.872837
0.834013605,15.872943
0.834126984,15.873050
0.834240363,15.873159
0.834353741,15.873273
0.834467120,15.873386
0.834580499,15.873504
0.834693878,15.873624
0.834807256,15.873746
0.834920635,15.873872
0.835034014,15.874000
0.835147392,15.874129
0.835260771,15.874264
0.835374150,15.874398
0.835487528,15.874538
0.835600907,15.874681
0.835714286,15.874825
0.835827664,15.874975
0.835941043,15.875128
0.836054422,15.875281
0.836167800,15.875440
0.836281179,15.875601
0.836394558,15.875766
0.836507937,15.875934
0.836621315,15.876104
0.836734694,15.876278
0.836848073,15.876457
0.836961451,15.876637
0.837074830,15.876822
0.837188209,15.877012
0.837301587,15.877203
0.837414966,15.877400
0.837528345,15.877601
0.837641723,15.877803
0.837755102,15.878012
0.837868481,15.878222
0.837981859,15.878439
0.838095238,15.878657
0.838208617,15.878882
0.838321995,15.879109
0.838435374,15.879341
0.838548753,15.879577
0.838662132,15.879816
0.838775510,15.880061
0.838888889,15.880309
0.839002268,15.880563
0.839115646,15.880819
0.839229025,15.881081
0.839342404,15.881347
0.839455782,15.881616
0.839569161,15.881890
0.839682540,15.882167
0.839795918,15.882449
0.839909297,15.882734
0.840022676,15.883023
0.840136054,15.883316
0.840249433,15.883612
0.840362812,15.883911
0.840476190,15.884214
0.840589569,15.884521
0.840702948,15.884831
0.840816327,15.885143
0.840929705,15.885459
0.841043084,15.885778
0.841156463,15.886099
0.841269841,15.886422
0.841383220,15.886748
0.841496599,15.887076
0.841609977,15.887405
0.841723356,15.887739
0.841836735,15.888074
0.841950113,15.888410
0.842063492,15.888748
0.842176871,15.889088
0.842290249,15.889428
0.842403628,15.889772
0.842517007,15.890117
0.842630385,15.890462
0.842743764,15.890809
0.842857143,15.891159
0.842970522,15.891508
0.843083900,15.891857
0.843197279,15.892208
0.843310658,15.892561
0.843424036,15.892914
0.843537415,15.893267
0.843650794,15.893621
0.843764172,15.893974
0.843877551,15.894330
0.843990930,15.894685
0.844104308,15.895040
0.844217687,15.895396
0.844331066,15.895752
0.844444444,15.896107
0.844557823,15.896463
0.844671202,15.896819
0.844784580,15.897174
0.844897959,15.897529
0.845011338,15.897883
0.845124717,15.898237
0.845238095,15.898590
0.845351474,15.898943
0.845464853,15.899294
0.845578231,15.899645
0.845691610,15.899995
0.845804989,15.900344
0.845918367,15.900691
0.846031746,15.901037
0.846145125,15.901381
0.846258503,15.901723
0.846371882,15.902063
0.846485261,15.902402
0.846598639,15.902739
0.846712018,15.903073
0.846825397,15.903407
0.846938776,15.903739
0.847052154,15.904066
0.847165533,15.904393
0.847278912,15.904717
0.847392290,15.905040
0.847505669,15.905361
0.847619048,15.905678
0.847732426,15.905993
0.847845805,15.906307
0.847959184,15.906617
0.848072562,15.906926
0.848185941,15.907233
0.848299320,15.907536
0.848412698,15.907839
0.848526077,15.908138
0.848639456,15.908437
0.848752834,15.908732
0.848866213,15.909027
0.848979592,15.909319
0.849092971,15.909608
0.849206349,15.909897
0.849319728,15.910185
0.849433107,15.910472
0.849546485,15.910755
0.849659864,15.911039
0.849773243,15.911319
0.849886621,15.911601
0.850000000,15.911880
0.850113379,15.912158
0.850226757,15.912436
0.850340136,15.912712
0.850453515,15.912988
0.850566893,15.913264
0.850680272,15.913539
0.850793651,15.913814
0.850907029,15.914086
0.851020408,15.914361
0.851133787,15.914635
0.851247166,15.914909
0.851360544,15.915182
0.851473923,15.915457
0.851587302,15.915731
0.851700680,15.916006
0.851814059,15.916281
0.851927438,15.916556
0.852040816,15.916834
0.852154195,15.917110
0.852267574,15.917391
0.852380952,15.917669
0.852494331,15.917952
0.852607710,15.918235
0.852721088,15.918518
0.852834467,15.918806
0.852947846,15.919093
0.853061224,15.919384
0.853174603,15.919676
0.853287982,15.919971
0.853401361,15.920268
0.853514739,15.920568
0.853628118,15.920869
0.853741497,15.921176
0.853854875,15.921484
0.853968254,15.921797
0.854081633,15.922112
0.854195011,15.922431
0.854308390,15.922753
0.854421769,15.923081
0.854535147,15.923411
0.854648526,15.923746
0.854761905,15.924087
0.854875283,15.924429
0.854988662,15.924778
0.855102041,15.925131
0.855215420,15.925489
0.855328798,15.925853
0.855442177,15.926220
0.855555556,15.926592
0.855668934,15.926970
0.855782313,15.927354
0.855895692,15.927740
0.856009070,15.928134
0.856122449,15.928533
0.856235828,15.928937
0.856349206,15.929347
0.856462585,15.929762
0.856575964,15.930182
0.856689342,15.930607
0.856802721,15.931038
0.856916100,15.931474
0.857029478,15.931917
0.857142857,15.932364
0.857256236,15.932817
0.857369615,15.933277
0.857482993,15.933740
0.857596372,15.934210
0.857709751,15.934685
0.857823129,15.935165
0.857936508,15.935651
0.858049887,15.936144
0.858163265,15.936640
0.858276644,15.937141
0.858390023,15.937649
0.858503401,15.938163
0.858616780,15.938681
0.858730159,15.939203
0.858843537,15.939732
0.858956916,15.940266
0.859070295,15.940804
0.859183673,15.941349
0.859297052,15.941898
0.859410431,15.942453
0.859523810,15.943013
0.859637188,15.943577
0.859750567,15.944148
0.859863946,15.944722
0.859977324,15.945302
0.860090703,15.945887
0.860204082,15.946477
0.860317460,15.947071
0.860430839,15.947670
0.860544218,15.948275
0.860657596,15.948885
0.860770975,15.949498
0.860884354,15.950117
0.860997732,15.950739
0.861111111,15.951366
0.861224490,15.951998
0.861337868,15.952633
0.861451247,15.953273
0.861564626,15.953916
0.861678005,15.954563
0.861791383,15.955214
0.861904762,15.955868
0.862018141,15.956526
0.862131519,15.957187
0.862244898,15.957851
0.862358277,15.958520
0.862471655,15.959192
0.862585034,15.959866
0.862698413,15.960541
0.862811791,15.961220
0.862925170,15.961901
0.863038549,15.962585
0.863151927,15.963271
0.863265306,15.963957
0.863378685,15.964646
0.863492063,15.965337
0.863605442,15.966029
0.863718821,15.966722
0.863832200,15.967416
0.863945578,15.968111
0.864058957,15.968807
0.864172336,15.969504
0.864285714,15.970201
0.864399093,15.970900
0.864512472,15.971596
0.864625850,15.972295
0.864739229,15.972991
0.864852608,15.973688
0.864965986,15.974386
0.865079365,15.975081
0.865192744,15.975779
0.865306122,15.976473
0.865419501,15.977166
0.865532880,15.977859
0.865646259,15.978553
0.865759637,15.979242
0.865873016,15.979932
0.865986395,15.980619
0.866099773,15.981306
0.866213152,15.981990
0.866326531,15.982673
0.866439909,15.983356
0.866553288,15.984033
0.866666667,15.984710
0.866780045,15.985385
0.866893424,15.986057
0.867006803,15.986727
0.867120181,15.987393
0.867233560,15.988058
0.867346939,15.988720
0.867460317,15.989377
0.867573696,15.990033
0.867687075,15.990685
0.867800454,15.991335
0.867913832,15.991982
0.868027211,15.992623
0.868140590,15.993261
0.868253968,15.993898
0.868367347,15.994529
0.868480726,15.995156
0.868594104,15.995779
0.868707483,15.996400
0.868820862,15.997015
0.868934240,15.997624
0.869047619,15.998231
0.869160998,15.998834
0.869274376,15.999431
0.869387755,16.000025
0.869501134,16.000614
0.869614512,16.001198
0.869727891,16.001778
0.869841270,16.002354
0.869954649,16.002924
0.870068027,16.003490
0.870181406,16.004051
0.870294785,16.004608
0.870408163,16.005159
0.870521542,16.005707
0.870634921,16.006248
0.870748299,16.006786
0.870861678,16.007320
0.870975057,16.007849
0.871088435,16.008371
0.871201814,16.008890
0.871315193,16.009405
0.871428571,16.009914
0.871541950,16.010420
0.871655329,16.010921
0.871768707,16.011419
0.871882086,16.011911
0.871995465,16.012402
0.872108844,16.012884
0.872222222,16.013365
0.872335601,16.013842
0.872448980,16.014313
0.872562358,16.014784
0.872675737,16.015247
0.872789116,16.015709
0.872902494,16.016167
0.873015873,16.016621
0.873129252,16.017071
0.873242630,16.017519
0.873356009,16.017962
0.873469388,16.018402
0.873582766,16.018839
0.873696145,16.019272
0.873809524,16.019703
0.873922902,16.020130
0.874036281,16.020554
0.874149660,16.020973
0.874263039,16.021391
0.874376417,16.021805
0.874489796,16.022217
0.874603175,16.022625
0.874716553,16.023029
0.874829932,16.023432
0.874943311,16.023832
0.875056689,16.024227
0.875170068,16.024620
0.875283447,16.025013
0.875396825,16.025400
0.875510204,16.025787
0.875623583,16.026171
0.875736961,16.026552
0.875850340,16.026928
0.875963719,16.027306
0.876077098,16.027679
0.876190476,16.028051
0.876303855,16.028419
0.876417234,16.028788
0.876530612,16.029152
0.876643991,16.029516
0.876757370,16.029877
0.876870748,16.030239
0.876984127,16.030598
0.877097506,16.030952
0.877210884,16.031309
0.877324263,16.031662
0.877437642,16.032015
0.877551020,16.032368
0.877664399,16.032717
0.877777778,16.033066
0.877891156,16.033415
0.878004535,16.033764
0.878117914,16.034109
0.878231293,16.034454
0.878344671,16.034798
0.878458050,16.035143
0.878571429,16.035486
0.878684807,16.035828
0.878798186,16.036169
0.878911565,16.036509
0.879024943,16.036850
0.879138322,16.037188
0.879251701,16.037525
0.879365079,16.037861
0.879478458,16.038198
0.879591837,16.038534
0.879705215,16.038866
0.879818594,16.039200
0.879931973,16.039532
0.880045351,16.039864
0.880158730,16.040194
0.880272109,16.040524
0.880385488,16.040852
0.880498866,16.041178
0.880612245,16.041502
0.880725624,16.041826
0.880839002,16.042149
0.880952381,16.042469
0.881065760,16.042789
0.881179138,16.043108
0.881292517,16.043425
0.881405896,16.043741
0.881519274,16.044054
0.881632653,16.044367
0.881746032,16.044678
0.881859410,16.044987
0.881972789,16.045294
0.882086168,16.045601
0.882199546,16.045902
0.882312925,16.046204
0.882426304,16.046507
0.882539683,16.046804
0.882653061,16.047100
0.882766440,16.047394
0.882879819,16.047688
0.882993197,16.047976
0.883106576,16.048264
0.883219955,16.048548
0.883333333,16.048832
0.883446712,16.049112
0.883560091,16.049389
0.883673469,16.049664
0.883786848,16.049936
0.883900227,16.050205
0.884013605,16.050472
0.884126984,16.050734
0.884240363,16.050993
0.884353741,16.051249
0.884467120,16.051500
0.884580499,16.051748
0.884693878,16.051992
0.884807256,16.052233
0.884920635,16.052467
0.885034014,16.052700
0.885147392,16.052927
0.885260771,16.053148
0.885374150,16.053366
0.885487528,16.053577
0.885600907,16.053783
0.885714286,16.053986
0.885827664,16.054180
0.885941043,16.054371
0.886054422,16.054554
0.886167800,16.054731
0.886281179,16.054903
0.886394558,16.055069
0.886507937,16.055227
0.886621315,16.055378
0.886734694,16.055527
0.886848073,16.055664
0.886961451,16.055796
0.887074830,16.055922
0.887188209,16.056038
0.887301587,16.056150
0.887414966,16.056253
0.887528345,16.056349
0.887641723,16.056437
0.887755102,16.056519
0.887868481,16.056593
0.887981859,16.056660
0.888095238,16.056715
0.888208617,16.056767
0.888321995,16.056810
0.888435374,16.056843
0.888548753,16.056870
0.888662132,16.056887
0.888775510,16.056898
0.888888889,16.056900
0.889002268,16.056892
0.889115646,16.056879
0.889229025,16.056856
0.889342404,16.056824
0.889455782,16.056784
0.889569161,16.056734
0.889682540,16.056677
0.889795918,16.056610
0.889909297,16.056536
0.890022676,16.056454
0.890136054,16.056360
0.890249433,16.056259
0.890362812,16.056150
0.890476190,16.056032
0.890589569,16.055904
0.890702948,16.055769
0.890816327,16.055624
0.890929705,16.055470
0.891043084,16.055305
0.891156463,16.055134
0.891269841,16.054953
0.891383220,16.054764
0.891496599,16.054565
0.891609977,16.054358
0.891723356,16.054142
0.891836735,16.053919
0.891950113,16.053684
0.892063492,16.053442
0.892176871,16.053190
0.892290249,16.052933
0.892403628,16.052664
0.892517007,16.052387
0.892630385,16.052103
0.892743764,16.051809
0.892857143,16.051510
0.892970522,16.051203
0.893083900,16.050884
0.893197279,16.050560
0.893310658,16.050228
0.893424036,16.049889
0.893537415,16.049541
0.893650794,16.049187
0.893764172,16.048826
0.893877551,16.048458
0.893990930,16.048082
0.894104308,16.047701
0.894217687,16.047312
0.894331066,16.046917
0.894444444,16.046516
0.894557823,16.046110
0.894671202,16.045698
0.894784580,16.045279
0.894897959,16.044853
0.895011338,16.044424
0.895124717,16.043991
0.895238095,16.043549
0.895351474,16.043104
0.895464853,16.042654
0.895578231,16.042198
0.895691610,16.041737
0.895804989,16.041273
0.895918367,16.040802
0.896031746,16.040329
0.896145125,16.039850
0.896258503,16.039370
0.896371882,16.038881
0.896485261,16.038391
0.896598639,16.037895
0.896712018,16.037397
0.896825397,16.036896
0.896938776,16.036388
0.897052154,16.035879
0.897165533,16.035368
0.897278912,16.034851
0.897392290,16.034332
0.897505669,16.033810
0.897619048,16.033285
0.897732426,16.032757
0.897845805,16.032225
0.897959184,16.031691
0.898072562,16.031155
0.898185941,16.030619
0.898299320,16.030079
0.898412698,16.029537
0.898526077,16.028992
0.898639456,16.028448
0.898752834,16.027903
0.898866213,16.027355
0.898979592,16.026804
0.899092971,16.026255
0.899206349,16.025703
0.899319728,16.025152
0.899433107,16.024601
0.899546485,16.024048
0.899659864,16.023495
0.899773243,16.022942
0.899886621,16.022388
0.900000000,16.021833
0.900113379,16.021280
0.900226757,16.020727
0.900340136,16.020174
0.900453515,16.019621
0.900566893,16.019068
0.900680272,16.018515
0.900793651,16.017962
0.900907029,16.017410
0.901020408,16.016859
0.901133787,16.016308
0.901247166,16.015757
0.901360544,16.015205
0.901473923,16.014656
0.901587302,16.014105
0.901700680,16.013556
0.901814059,16.013006
0.901927438,16.012455
0.902040816,16.011904
0.902154195,16.011354
0.902267574,16.010803
0.902380952,16.010252
0.902494331,16.009703
0.902607710,16.009150
0.902721088,16.008598
0.902834467,16.008045
0.902947846,16.007492
0.903061224,16.006937
0.903174603,16.006382
0.903287982,16.005827
0.903401361,16.005270
0.903514739,16.004713
0.903628118,16.004154
0.903741497,16.003595
0.903854875,16.003035
0.903968254,16.002474
0.904081633,16.001911
0.904195011,16.001347
0.904308390,16.000784
0.904421769,16.000216
0.904535147,15.999651
0.904648526,15.999082
0.904761905,15.998512
0.904875283,15.997942
0.904988662,15.997369
0.905102041,15.996797
0.905215420,15.996222
0.905328798,15.995646
0.905442177,15.995068
0.905555556,15.994490
0.905668934,15.993909
0.905782313,15.993327
0.905895692,15.992743
0.906009070,15.992159
0.906122449,15.991570
0.906235828,15.990982
0.906349206,15.990392
0.906462585,15.989799
0.906575964,15.989203
0.906689342,15.988608
0.906802721,15.988008
0.906916100,15.987408
0.907029478,15.986803
0.907142857,15.986197
0.907256236,15.985589
0.907369615,15.984978
0.907482993,15.984362
0.907596372,15.983746
0.907709751,15.983125
0.907823129,15.982502
0.907936508,15.981874
0.908049887,15.981246
0.908163265,15.980613
0.908276644,15.979977
0.908390023,15.979336
0.908503401,15.978693
0.908616780,15.978045
0.908730159,15.977393
0.908843537,15.976739
0.908956916,15.976081
0.909070295,15.975420
0.909183673,15.974753
0.909297052,15.974083
0.909410431,15.973410
0.909523810,15.972733
0.909637188,15.972052
0.909750567,15.971368
0.909863946,15.970679
0.909977324,15.969987
0.910090703,15.969292
0.910204082,15.968592
0.910317460,15.967889
0.910430839,15.967182
0.910544218,15.966473
0.910657596,15.965760
0.910770975,15.965042
0.910884354,15.964322
0.910997732,15.963599
0.911111111,15.962874
0.911224490,15.962144
0.911337868,15.961411
0.911451247,15.960675
0.911564626,15.959938
0.911678005,15.959197
0.911791383,15.958452
0.911904762,15.957706
0.912018141,15.956956
0.912131519,15.956203
0.912244898,15.955449
0.912358277,15.954691
0.912471655,15.953932
0.912585034,15.953170
0.912698413,15.952406
0.912811791,15.951638
0.912925170,15.950871
0.913038549,15.950099
0.913151927,15.949327
0.913265306,15.948551
0.913378685,15.947775
0.913492063,15.946995
0.913605442,15.946217
0.913718821,15.945435
0.913832200,15.944652
0.913945578,15.943868
0.914058957,15.943083
0.914172336,15.942297
0.914285714,15.941512
0.914399093,15.940722
0.914512472,15.939936
0.914625850,15.939149
0.914739229,15.938359
0.914852608,15.937571
0.914965986,15.936782
0.915079365,15.935995
0.915192744,15.935205
0.915306122,15.934419
0.915419501,15.933634
0.915532880,15.932848
0.915646259,15.932063
0.915759637,15.931279
0.915873016,15.930497
0.915986395,15.929717
0.916099773,15.928939
0.916213152,15.928163
0.916326531,15.927388
0.916439909,15.926615
0.916553288,15.925845
0.916666667,15.925079
0.916780045,15.924315
0.916893424,15.923553
0.917006803,15.922794
0.917120181,15.922039
0.917233560,15.921288
0.917346939,15.920540
0.917460317,15.919797
0.917573696,15.919056
0.917687075,15.918320
0.917800454,15.917587
0.917913832,15.916859
0.918027211,15.916136
0.918140590,15.915418
0.918253968,15.914703
0.918367347,15.913994
0.918480726,15.913290
0.918594104,15.912590
0.918707483,15.911897
0.918820862,15.911207
0.918934240,15.910525
0.919047619,15.909847
0.919160998,15.909174
0.919274376,15.908507
0.919387755,15.907848
0.919501134,15.907192
0.919614512,15.906545
0.919727891,15.905901
0.919841270,15.905267
0.919954649,15.904635
0.920068027,15.904014
0.920181406,15.903397
0.920294785,15.902786
0.920408163,15.902184
0.920521542,15.901588
0.920634921,15.901000
0.920748299,15.900418
0.920861678,15.899845
0.920975057,15.899279
0.921088435,15.898720
0.921201814,15.898169
0.921315193,15.897626
0.921428571,15.897091
0.921541950,15.896564
0.921655329,15.896045
0.921768707,15.895535
0.921882086,15.895032
0.921995465,15.894540
0.922108844,15.894053
0.922222222,15.893577
0.922335601,15.893109
0.922448980,15.892650
0.922562358,15.892201
0.922675737,15.891760
0.922789116,15.891327
0.922902494,15.890903
0.923015873,15.890491
0.923129252,15.890084
0.923242630,15.889689
0.923356009,15.889301
0.923469388,15.888924
0.923582766,15.888555
0.923696145,15.888195
0.923809524,15.887844
0.923922902,15.887502
0.924036281,15.887170
0.924149660,15.886846
0.924263039,15.886530
0.924376417,15.886223
0.924489796,15.885925
0.924603175,15.885634
0.924716553,15.885355
0.924829932,15.885081
0.924943311,15.884819
0.925056689,15.884562
0.925170068,15.884315
0.925283447,15.884076
0.925396825,15.883846
0.925510204,15.883624
0.925623583,15.883410
0.925736961,15.883204
0.925850340,15.883006
0.925963719,15.882816
0.926077098,15.882635
0.926190476,15.882462
0.926303855,15.882295
0.926417234,15.882137
0.926530612,15.881989
0.926643991,15.881846
0.926757370,15.881712
0.926870748,15.881586
0.926984127,15.881467
0.927097506,15.881355
0.927210884,15.881252
0.927324263,15.881157
0.927437642,15.881068
0.927551020,15.880986
0.927664399,15.880912
0.927777778,15.880846
0.927891156,15.880786
0.928004535,15.880733
0.928117914,15.880687
0.928231293,15.880648
0.928344671,15.880616
0.928458050,15.880591
0.928571429,15.880571
0.928684807,15.880559
0.928798186,15.880552
0.928911565,15.880552
0.929024943,15.880557
0.929138322,15.880569
0.929251701,15.880586
0.929365079,15.880607
0.929478458,15.880635
0.929591837,15.880669
0.929705215,15.880707
0.929818594,15.880749
0.929931973,15.880796
0.930045351,15.880850
0.930158730,15.880905
0.930272109,15.880965
0.930385488,15.881031
0.930498866,15.881098
0.930612245,15.881171
0.930725624,15.881246
0.930839002,15.881323
0.930952381,15.881407
0.931065760,15.881490
0.931179138,15.881578
0.931292517,15.881669
0.931405896,15.881762
0.931519274,15.881857
0.931632653,15.881954
0.931746032,15.882053
0.931859410,15.882156
0.931972789,15.882259
0.932086168,15.882364
0.932199546,15.882472
0.932312925,15.882580
0.932426304,15.882690
0.932539683,15.882802
0.932653061,15.882915
0.932766440,15.883031
0.932879819,15.883145
0.932993197,15.883263
0.933106576,15.883380
0.933219955,15.883498
0.933333333,15.883619
0.933446712,15.883739
0.933560091,15.883861
0.933673469,15.883985
0.933786848,15.884107
0.933900227,15.884231
0.934013605,15.884355
0.934126984,15.884480
0.934240363,15.884606
0.934353741,15.884734
0.934467120,15.884862
0.934580499,15.884990
0.934693878,15.885118
0.934807256,15.885246
0.934920635,15.885376
0.935034014,15.885506
0.935147392,15.885636
0.935260771,15.885768
0.935374150,15.885899
0.935487528,15.886030
0.935600907,15.886161
0.935714286,15.886294
0.935827664,15.886425
0.935941043,15.886559
0.936054422,15.886691
0.936167800,15.886827
0.936281179,15.886959
0.936394558,15.887092
0.936507937,15.887227
0.936621315,15.887362
0.936734694,15.887496
0.936848073,15.887630
0.936961451,15.887766
0.937074830,15.887902
0.937188209,15.888037
0.937301587,15.888173
0.937414966,15.888311
0.937528345,15.888448
0.937641723,15.888586
0.937755102,15.888726
0.937868481,15.888865
0.937981859,15.889007
0.938095238,15.889149
0.938208617,15.889290
0.938321995,15.889434
0.938435374,15.889578
0.938548753,15.889725
0.938662132,15.889872
0.938775510,15.890018
0.938888889,15.890169
0.939002268,15.890320
0.939115646,15.890472
0.939229025,15.890627
0.939342404,15.890781
0.939455782,15.890939
0.939569161,15.891097
0.939682540,15.891256
0.939795918,15.891418
0.939909297,15.891581
0.940022676,15.891746
0.940136054,15.891911
0.940249433,15.892078
0.940362812,15.892247
0.940476190,15.892418
0.940589569,15.892588
0.940702948,15.892761
0.940816327,15.892935
0.940929705,15.893110
0.941043084,15.893286
0.941156463,15.893463
0.941269841,15.893642
0.941383220,15.893822
0.941496599,15.894002
0.941609977,15.894183
0.941723356,15.894365
0.941836735,15.894548
0.941950113,15.894731
0.942063492,15.894916
0.942176871,15.895102
0.942290249,15.895286
0.942403628,15.895472
0.942517007,15.895660
0.942630385,15.895848
0.942743764,15.896036
0.942857143,15.896224
0.942970522,15.896414
0.943083900,15.896602
0.943197279,15.896792
0.943310658,15.896982
0.943424036,15.897174
0.943537415,15.897364
0.943650794,15.897555
0.943764172,15.897748
0.943877551,15.897940
0.943990930,15.898131
0.944104308,15.898324
0.944217687,15.898516
0.944331066,15.898709
0.944444444,15.898901
0.944557823,15.899092
0.944671202,15.899285
0.944784580,15.899477
0.944897959,15.899667
0.945011338,15.899858
0.945124717,15.900047
0.945238095,15.900235
0.945351474,15.900423
0.945464853,15.900611
0.945578231,15.900798
0.945691610,15.900982
0.945804989,15.901166
0.945918367,15.901347
0.946031746,15.901528
0.946145125,15.901707
0.946258503,15.901882
0.946371882,15.902058
0.946485261,15.902230
0.946598639,15.902398
0.946712018,15.902567
0.946825397,15.902732
0.946938776,15.902893
0.947052154,15.903050
0.947165533,15.903207
0.947278912,15.903359
0.947392290,15.903508
0.947505669,15.903653
0.947619048,15.903795
0.947732426,15.903934
0.947845805,15.904068
0.947959184,15.904198
0.948072562,15.904324
0.948185941,15.904446
0.948299320,15.904563
0.948412698,15.904676
0.948526077,15.904784
0.948639456,15.904889
0.948752834,15.904988
0.948866213,15.905083
0.948979592,15.905172
0.949092971,15.905258
0.949206349,15.905337
0.949319728,15.905412
0.949433107,15.905481
0.949546485,15.905547
0.949659864,15.905607
0.949773243,15.905661
0.949886621,15.905710
0.950000000,15.905754
0.950113379,15.905793
0.950226757,15.905826
0.950340136,15.905853
0.950453515,15.905875
0.950566893,15.905890
0.950680272,15.905901
0.950793651,15.905907
0.950907029,15.905907
0.951020408,15.905900
0.951133787,15.905888
0.951247166,15.905868
0.951360544,15.905843
0.951473923,15.905813
0.951587302,15.905775
0.951700680,15.905733
0.951814059,15.905682
0.951927438,15.905626
0.952040816,15.905562
0.952154195,15.905494
0.952267574,15.905416
0.952380952,15.905333
0.952494331,15.905242
0.952607710,15.905145
0.952721088,15.905040
0.952834467,15.904928
0.952947846,15.904809
0.953061224,15.904683
0.953174603,15.904551
0.953287982,15.904410
0.953401361,15.904262
0.953514739,15.904107
0.953628118,15.903944
0.953741497,15.903774
0.953854875,15.903599
0.953968254,15.903414
0.954081633,15.903223
0.954195011,15.903024
0.954308390,15.902817
0.954421769,15.902604
0.954535147,15.902384
0.954648526,15.902157
0.954761905,15.901923
0.954875283,15.901680
0.954988662,15.901434
0.955102041,15.901178
0.955215420,15.900918
0.955328798,15.900648
0.955442177,15.900375
0.955555556,15.900096
0.955668934,15.899808
0.955782313,15.899516
0.955895692,15.899216
0.956009070,15.898911
0.956122449,15.898601
0.956235828,15.898284
0.956349206,15.897961
0.956462585,15.897633
0.956575964,15.897300
0.956689342,15.896959
0.956802721,15.896615
0.956916100,15.896264
0.957029478,15.895910
0.957142857,15.895550
0.957256236,15.895185
0.957369615,15.894814
0.957482993,15.894441
0.957596372,15.894061
0.957709751,15.893678
0.957823129,15.893290
0.957936508,15.892896
0.958049887,15.892501
0.958163265,15.892100
0.958276644,15.891696
0.958390023,15.891288
0.958503401,15.890877
0.958616780,15.890462
0.958730159,15.890043
0.958843537,15.889624
0.958956916,15.889200
0.959070295,15.888774
0.959183673,15.888346
0.959297052,15.887917
0.959410431,15.887484
0.959523810,15.887050
0.959637188,15.886613
0.959750567,15.886177
0.959863946,15.885739
0.959977324,15.885300
0.960090703,15.884862
0.960204082,15.884422
0.960317460,15.883983
0.960430839,15.883543
0.960544218,15.883103
0.960657596,15.882664
0.960770975,15.882226
0.960884354,15.881787
0.960997732,15.881351
0.961111111,15.880918
0.961224490,15.880483
0.961337868,15.880051
0.961451247,15.879620
0.961564626,15.879190
0.961678005,15.878763
0.961791383,15.878338
0.961904762,15.877914
0.962018141,15.877494
0.962131519,15.877075
0.962244898,15.876660
0.962358277,15.876247
0.962471655,15.875838
0.962585034,15.875430
0.962698413,15.875027
0.962811791,15.874624
0.962925170,15.874225
0.963038549,15.873830
0.963151927,15.873438
0.963265306,15.873050
0.963378685,15.872664
0.963492063,15.872282
0.963605442,15.871904
0.963718821,15.871531
0.963832200,15.871158
0.963945578,15.870791
0.964058957,15.870428
0.964172336,15.870068
0.964285714,15.869713
0.964399093,15.869362
0.964512472,15.869015
0.964625850,15.868670
0.964739229,15.868332
0.964852608,15.867997
0.964965986,15.867667
0.965079365,15.867341
0.965192744,15.867021
0.965306122,15.866703
0.965419501,15.866391
0.965532880,15.866082
0.965646259,15.865779
0.965759637,15.865479
0.965873016,15.865188
0.965986395,15.864897
0.966099773,15.864613
0.966213152,15.864333
0.966326531,15.864058
0.966439909,15.863787
0.966553288,15.863521
0.966666667,15.863260
0.966780045,15.863003
0.966893424,15.862751
0.967006803,15.862505
0.967120181,15.862260
0.967233560,15.862022
0.967346939,15.861789
0.967460317,15.861558
0.967573696,15.861333
0.967687075,15.861112
0.967800454,15.860895
0.967913832,15.860682
0.968027211,15.860474
0.968140590,15.860268
0.968253968,15.860067
0.968367347,15.859871
0.968480726,15.859675
0.968594104,15.859486
0.968707483,15.859300
0.968820862,15.859116
0.968934240,15.858934
0.969047619,15.858757
0.969160998,15.858583
0.969274376,15.858412
0.969387755,15.858241
0.969501134,15.858075
0.969614512,15.857910
0.969727891,15.857749
0.969841270,15.857587
0.969954649,15.857430
0.970068027,15.857273
0.970181406,15.857118
0.970294785,15.856965
0.970408163,15.856812
0.970521542,15.856662
0.970634921,15.856513
0.970748299,15.856366
0.970861678,15.856220
0.970975057,15.856075
0.971088435,15.855929
0.971201814,15.855786
0.971315193,15.855644
0.971428571,15.855502
0.971541950,15.855362
0.971655329,15.855223
0.971768707,15.855084
0.971882086,15.854946
0.971995465,15.854808
0.972108844,15.854671
0.972222222,15.854534
0.972335601,15.854398
0.972448980,15.854263
0.972562358,15.854129
0.972675737,15.853995
0.972789116,15.853863
0.972902494,15.853729
0.973015873,15.853597
0.973129252,15.853464
0.973242630,15.853333
0.973356009,15.853200
0.973469388,15.853068
0.973582766,15.852937
0.973696145,15.852804
0.973809524,15.852673
0.973922902,15.852542
0.974036281,15.852408
0.974149660,15.852276
0.974263039,15.852143
0.974376417,15.852008
0.974489796,15.851873
0.974603175,15.851739
0.974716553,15.851603
0.974829932,15.851466
0.974943311,15.851329
0.975056689,15.851191
0.975170068,15.851052
0.975283447,15.850913
0.975396825,15.850773
0.975510204,15.850631
0.975623583,15.850489
0.975736961,15.850346
0.975850340,15.850202
0.975963719,15.850059
0.976077098,15.849913
0.976190476,15.849768
0.976303855,15.849620
0.976417234,15.849475
0.976530612,15.849328
0.976643991,15.849180
0.976757370,15.849033
0.976870748,15.848885
0.976984127,15.848738
0.977097506,15.848590
0.977210884,15.848443
0.977324263,15.848296
0.977437642,15.848150
0.977551020,15.848005
0.977664399,15.847859
0.977777778,15.847714
0.977891156,15.847572
0.978004535,15.847429
0.978117914,15.847287
0.978231293,15.847147
0.978344671,15.847009
0.978458050,15.846872
0.978571429,15.846736
0.978684807,15.846603
0.978798186,15.846470
0.978911565,15.846340
0.979024943,15.846211
0.979138322,15.846086
0.979251701,15.845962
0.979365079,15.845840
0.979478458,15.845722
0.979591837,15.845605
0.979705215,15.845491
0.979818594,15.845382
0.979931973,15.845273
0.980045351,15.845169
0.980158730,15.845068
0.980272109,15.844970
0.980385488,15.844876
0.980498866,15.844786
0.980612245,15.844701
0.980725624,15.844618
0.980839002,15.844540
0.980952381,15.844465
0.981065760,15.844394
0.981179138,15.844329
0.981292517,15.844268
0.981405896,15.844212
0.981519274,15.844160
0.981632653,15.844114
0.981746032,15.844073
0.981859410,15.844040
0.981972789,15.844009
0.982086168,15.843987
0.982199546,15.843968
0.982312925,15.843956
0.982426304,15.843951
0.982539683,15.843952
0.982653061,15.843960
0.982766440,15.843974
0.982879819,15.843997
0.982993197,15.844026
0.983106576,15.844063
0.983219955,15.844105
0.983333333,15.844158
0.983446712,15.844216
0.983560091,15.844284
0.983673469,15.844360
0.983786848,15.844445
0.983900227,15.844538
0.984013605,15.844639
0.984126984,15.844748
0.984240363,15.844866
0.984353741,15.844994
0.984467120,15.845130
0.984580499,15.845273
0.984693878,15.845428
0.984807256,15.845591
0.984920635,15.845762
0.985034014,15.845943
0.985147392,15.846133
0.985260771,15.846334
0.985374150,15.846540
0.985487528,15.846759
0.985600907,15.846986
0.985714286,15.847223
0.985827664,15.847470
0.985941043,15.847725
0.986054422,15.847989
0.986167800,15.848264
0.986281179,15.848548
0.986394558,15.848840
0.986507937,15.849143
0.986621315,15.849456
0.986734694,15.849778
0.986848073,15.850109
0.986961451,15.850450
0.987074830,15.850801
0.987188209,15.851161
0.987301587,15.851531
0.987414966,15.851911
0.987528345,15.852301
0.987641723,15.852701
0.987755102,15.853111
0.987868481,15.853529
0.987981859,15.853960
0.988095238,15.854398
0.988208617,15.854848
0.988321995,15.855308
0.988435374,15.855776
0.988548753,15.856254
0.988662132,15.856744
0.988775510,15.857244
0.988888889,15.857750
0.989002268,15.858270
0.989115646,15.858798
0.989229025,15.859335
0.989342404,15.859885
0.989455782,15.860441
0.989569161,15.861009
0.989682540,15.861585
0.989795918,15.862172
0.989909297,15.862767
0.990022676,15.863372
0.990136054,15.863987
0.990249433,15.864610
0.990362812,15.865242
0.990476190,15.865884
0.990589569,15.866534
0.990702948,15.867192
0.990816327,15.867861
0.990929705,15.868538
0.991043084,15.869222
0.991156463,15.869915
0.991269841,15.870616
0.991383220,15.871325
0.991496599,15.872041
0.991609977,15.872766
0.991723356,15.873498
0.991836735,15.874237
0.991950113,15.874986
0.992063492,15.875741
0.992176871,15.876501
0.992290249,15.877271
0.992403628,15.878047
0.992517007,15.878831
0.992630385,15.879620
0.992743764,15.880418
0.992857143,15.881221
0.992970522,15.882030
0.993083900,15.882848
0.993197279,15.883671
0.993310658,15.884501
0.993424036,15.885339
0.993537415,15.886181
0.993650794,15.887032
0.993764172,15.887888
0.993877551,15.888749
0.993990930,15.889618
0.994104308,15.890494
0.994217687,15.891375
0.994331066,15.892263
0.994444444,15.893157
0.994557823,15.894057
0.994671202,15.894963
0.994784580,15.895876
0.994897959,15.896794
0.995011338,15.897718
0.995124717,15.898649
0.995238095,15.899583
0.995351474,15.900526
0.995464853,15.901473
0.995578231,15.902427
0.995691610,15.903384
0.995804989,15.904348
0.995918367,15.905318
0.996031746,15.906293
0.996145125,15.907273
0.996258503,15.908259
0.996371882,15.909248
0.996485261,15.910245
0.996598639,15.911246
0.996712018,15.912251
0.996825397,15.913262
0.996938776,15.914278
0.997052154,15.915299
0.997165533,15.916324
0.997278912,15.917354
0.997392290,15.918387
0.997505669,15.919428
0.997619048,15.920470
0.997732426,15.921520
0.997845805,15.922573
0.997959184,15.923632
0.998072562,15.924695
0.998185941,15.925762
0.998299320,15.926835
0.998412698,15.927913
0.998526077,15.928994
0.998639456,15.930082
0.998752834,15.931174
0.998866213,15.932272
0.998979592,15.933372
0.999092971,15.934481
0.999206349,15.935593
0.999319728,15.936711
0.999433107,15.937833
0.999546485,15.938961
0.999659864,15.940092
0.999773243,15.941230
0.999886621,15.942373
