label,12_c_160_p
time_s,envelope_detrended
0.000000000,0.092204
0.000113379,0.092780
0.000226757,0.093356
0.000340136,0.093929
0.000453515,0.094502
0.000566893,0.095071
0.000680272,0.095638
0.000793651,0.096205
0.000907029,0.096769
0.001020408,0.097330
0.001133787,0.097890
0.001247166,0.098447
0.001360544,0.099002
0.001473923,0.099553
0.001587302,0.100101
0.001700680,0.100647
0.001814059,0.101189
0.001927438,0.101730
0.002040816,0.102266
0.002154195,0.102798
0.002267574,0.103328
0.002380952,0.103852
0.002494331,0.104374
0.002607710,0.104891
0.002721088,0.105404
0.002834467,0.105914
0.002947846,0.106418
0.003061224,0.106919
0.003174603,0.107414
0.003287982,0.107907
0.003401361,0.108394
0.003514739,0.108877
0.003628118,0.109355
0.003741497,0.109829
0.003854875,0.110297
0.003968254,0.110761
0.004081633,0.111220
0.004195011,0.111676
0.004308390,0.112126
0.004421769,0.112571
0.004535147,0.113011
0.004648526,0.113447
0.004761905,0.113879
0.004875283,0.114305
0.004988662,0.114728
0.005102041,0.115145
0.005215420,0.115558
0.005328798,0.115967
0.005442177,0.116371
0.005555556,0.116772
0.005668934,0.117167
0.005782313,0.117557
0.005895692,0.117944
0.006009070,0.118325
0.006122449,0.118702
0.006235828,0.119074
0.006349206,0.119441
0.006462585,0.119805
0.006575964,0.120163
0.006689342,0.120517
0.006802721,0.120866
0.006916100,0.121210
0.007029478,0.121550
0.007142857,0.121885
0.007256236,0.122215
0.007369615,0.122541
0.007482993,0.122862
0.007596372,0.123177
0.007709751,0.123487
0.007823129,0.123794
0.007936508,0.124097
0.008049887,0.124394
0.008163265,0.124687
0.008276644,0.124974
0.008390023,0.125257
0.008503401,0.125537
0.008616780,0.125812
0.008730159,0.126083
0.008843537,0.126349
0.008956916,0.126611
0.009070295,0.126868
0.009183673,0.127123
0.009297052,0.127372
0.009410431,0.127617
0.009523810,0.127860
0.009637188,0.128097
0.009750567,0.128333
0.009863946,0.128563
0.009977324,0.128789
0.010090703,0.129014
0.010204082,0.129234
0.010317460,0.129450
0.010430839,0.129664
0.010544218,0.129875
0.010657596,0.130082
0.010770975,0.130286
0.010884354,0.130486
0.010997732,0.130684
0.011111111,0.130879
0.011224490,0.131070
0.011337868,0.131258
0.011451247,0.131444
0.011564626,0.131628
0.011678005,0.131808
0.011791383,0.131985
0.011904762,0.132160
0.012018141,0.132332
0.012131519,0.132500
0.012244898,0.132667
0.012358277,0.132831
0.012471655,0.132990
0.012585034,0.133148
0.012698413,0.133304
0.012811791,0.133454
0.012925170,0.133603
0.013038549,0.133748
0.013151927,0.133889
0.013265306,0.134027
0.013378685,0.134161
0.013492063,0.134292
0.013605442,0.134420
0.013718821,0.134543
0.013832200,0.134663
0.013945578,0.134780
0.014058957,0.134893
0.014172336,0.135001
0.014285714,0.135105
0.014399093,0.135206
0.014512472,0.135303
0.014625850,0.135395
0.014739229,0.135483
0.014852608,0.135566
0.014965986,0.135647
0.015079365,0.135723
0.015192744,0.135793
0.015306122,0.135862
0.015419501,0.135926
0.015532880,0.135984
0.015646259,0.136040
0.015759637,0.136089
0.015873016,0.136137
0.015986395,0.136177
0.016099773,0.136215
0.016213152,0.136249
0.016326531,0.136277
0.016439909,0.136301
0.016553288,0.136320
0.016666667,0.136336
0.016780045,0.136346
0.016893424,0.136351
0.017006803,0.136352
0.017120181,0.136348
0.017233560,0.136338
0.017346939,0.136324
0.017460317,0.136306
0.017573696,0.136280
0.017687075,0.136251
0.017800454,0.136215
0.017913832,0.136176
0.018027211,0.136129
0.018140590,0.136077
0.018253968,0.136018
0.018367347,0.135956
0.018480726,0.135884
0.018594104,0.135809
0.018707483,0.135725
0.018820862,0.135638
0.018934240,0.135542
0.019047619,0.135440
0.019160998,0.135332
0.019274376,0.135216
0.019387755,0.135093
0.019501134,0.134965
0.019614512,0.134828
0.019727891,0.134685
0.019841270,0.134534
0.019954649,0.134375
0.020068027,0.134210
0.020181406,0.134037
0.020294785,0.133858
0.020408163,0.133671
0.020521542,0.133475
0.020634921,0.133273
0.020748299,0.133063
0.020861678,0.132846
0.020975057,0.132620
0.021088435,0.132387
0.021201814,0.132146
0.021315193,0.131897
0.021428571,0.131639
0.021541950,0.131374
0.021655329,0.131102
0.021768707,0.130820
0.021882086,0.130530
0.021995465,0.130234
0.022108844,0.129928
0.022222222,0.129613
0.022335601,0.129292
0.022448980,0.128961
0.022562358,0.128622
0.022675737,0.128274
0.022789116,0.127919
0.022902494,0.127555
0.023015873,0.127182
0.023129252,0.126800
0.023242630,0.126409
0.023356009,0.126009
0.023469388,0.125601
0.023582766,0.125184
0.023696145,0.124759
0.023809524,0.124324
0.023922902,0.123880
0.024036281,0.123427
0.024149660,0.122966
0.024263039,0.122495
0.024376417,0.122016
0.024489796,0.121526
0.024603175,0.121028
0.024716553,0.120521
0.024829932,0.120004
0.024943311,0.119478
0.025056689,0.118944
0.025170068,0.118401
0.025283447,0.117849
0.025396825,0.117288
0.025510204,0.116718
0.025623583,0.116139
0.025736961,0.115551
0.025850340,0.114955
0.025963719,0.114350
0.026077098,0.113737
0.026190476,0.113114
0.026303855,0.112484
0.026417234,0.111845
0.026530612,0.111199
0.026643991,0.110542
0.026757370,0.109878
0.026870748,0.109207
0.026984127,0.108527
0.027097506,0.107840
0.027210884,0.107144
0.027324263,0.106441
0.027437642,0.105730
0.027551020,0.105012
0.027664399,0.104286
0.027777778,0.103555
0.027891156,0.102815
0.028004535,0.102068
0.028117914,0.101315
0.028231293,0.100555
0.028344671,0.099789
0.028458050,0.099015
0.028571429,0.098236
0.028684807,0.097449
0.028798186,0.096656
0.028911565,0.095857
0.029024943,0.095053
0.029138322,0.094242
0.029251701,0.093425
0.029365079,0.092604
0.029478458,0.091775
0.029591837,0.090941
0.029705215,0.090101
0.029818594,0.089256
0.029931973,0.088404
0.030045351,0.087549
0.030158730,0.086686
0.030272109,0.085818
0.030385488,0.084945
0.030498866,0.084068
0.030612245,0.083184
0.030725624,0.082297
0.030839002,0.081404
0.030952381,0.080508
0.031065760,0.079606
0.031179138,0.078699
0.031292517,0.077789
0.031405896,0.076873
0.031519274,0.075955
0.031632653,0.075032
0.031746032,0.074106
0.031859410,0.073174
0.031972789,0.072240
0.032086168,0.071305
0.032199546,0.070364
0.032312925,0.069422
0.032426304,0.068476
0.032539683,0.067528
0.032653061,0.066578
0.032766440,0.065625
0.032879819,0.064670
0.032993197,0.063715
0.033106576,0.062757
0.033219955,0.061799
0.033333333,0.060837
0.033446712,0.059874
0.033560091,0.058912
0.033673469,0.057949
0.033786848,0.056983
0.033900227,0.056019
0.034013605,0.055052
0.034126984,0.054086
0.034240363,0.053121
0.034353741,0.052153
0.034467120,0.051186
0.034580499,0.050218
0.034693878,0.049251
0.034807256,0.048285
0.034920635,0.047318
0.035034014,0.046351
0.035147392,0.045385
0.035260771,0.044417
0.035374150,0.043452
0.035487528,0.042486
0.035600907,0.041520
0.035714286,0.040557
0.035827664,0.039591
0.035941043,0.038627
0.036054422,0.037663
0.036167800,0.036699
0.036281179,0.035737
0.036394558,0.034775
0.036507937,0.033813
0.036621315,0.032850
0.036734694,0.031890
0.036848073,0.030930
0.036961451,0.029969
0.037074830,0.029009
0.037188209,0.028050
0.037301587,0.027093
0.037414966,0.026134
0.037528345,0.025178
0.037641723,0.024222
0.037755102,0.023267
0.037868481,0.022312
0.037981859,0.021359
0.038095238,0.020407
0.038208617,0.019454
0.038321995,0.018504
0.038435374,0.017554
0.038548753,0.016604
0.038662132,0.015656
0.038775510,0.014710
0.038888889,0.013763
0.039002268,0.012817
0.039115646,0.011872
0.039229025,0.010928
0.039342404,0.009985
0.039455782,0.009042
0.039569161,0.008099
0.039682540,0.007158
0.039795918,0.006217
0.039909297,0.005276
0.040022676,0.004335
0.040136054,0.003396
0.040249433,0.002455
0.040362812,0.001513
0.040476190,0.000572
0.040589569,-0.000367
0.040702948,-0.001310
0.040816327,-0.002251
0.040929705,-0.003194
0.041043084,-0.004137
0.041156463,-0.005082
0.041269841,-0.006026
0.041383220,-0.006971
0.041496599,-0.007919
0.041609977,-0.008866
0.041723356,-0.009816
0.041836735,-0.010766
0.041950113,-0.011719
0.042063492,-0.012673
0.042176871,-0.013628
0.042290249,-0.014584
0.042403628,-0.015543
0.042517007,-0.016503
0.042630385,-0.017466
0.042743764,-0.018428
0.042857143,-0.019395
0.042970522,-0.020362
0.043083900,-0.021332
0.043197279,-0.022302
0.043310658,-0.023275
0.043424036,-0.024250
0.043537415,-0.025226
0.043650794,-0.026205
0.043764172,-0.027183
0.043877551,-0.028166
0.043990930,-0.029149
0.044104308,-0.030133
0.044217687,-0.031121
0.044331066,-0.032108
0.044444444,-0.033099
0.044557823,-0.034090
0.044671202,-0.035083
0.044784580,-0.036077
0.044897959,-0.037072
0.045011338,-0.038070
0.045124717,-0.039068
0.045238095,-0.040066
0.045351474,-0.041068
0.045464853,-0.042069
0.045578231,-0.043073
0.045691610,-0.044076
0.045804989,-0.045082
0.045918367,-0.046087
0.046031746,-0.047096
0.046145125,-0.048103
0.046258503,-0.049113
0.046371882,-0.050122
0.046485261,-0.051133
0.046598639,-0.052145
0.046712018,-0.053157
0.046825397,-0.054171
0.046938776,-0.055184
0.047052154,-0.056198
0.047165533,-0.057212
0.047278912,-0.058228
0.047392290,-0.059242
0.047505669,-0.060257
0.047619048,-0.061272
0.047732426,-0.062287
0.047845805,-0.063301
0.047959184,-0.064315
0.048072562,-0.065329
0.048185941,-0.066342
0.048299320,-0.067354
0.048412698,-0.068367
0.048526077,-0.069376
0.048639456,-0.070385
0.048752834,-0.071392
0.048866213,-0.072399
0.048979592,-0.073403
0.049092971,-0.074404
0.049206349,-0.075406
0.049319728,-0.076403
0.049433107,-0.077400
0.049546485,-0.078393
0.049659864,-0.079382
0.049773243,-0.080370
0.049886621,-0.081354
0.050000000,-0.082335
0.050113379,-0.083312
0.050226757,-0.084285
0.050340136,-0.085254
0.050453515,-0.086220
0.050566893,-0.087181
0.050680272,-0.088137
0.050793651,-0.089090
0.050907029,-0.090037
0.051020408,-0.090978
0.051133787,-0.091916
0.051247166,-0.092849
0.051360544,-0.093777
0.051473923,-0.094699
0.051587302,-0.095616
0.051700680,-0.096526
0.051814059,-0.097432
0.051927438,-0.098331
0.052040816,-0.099225
0.052154195,-0.100114
0.052267574,-0.100997
0.052380952,-0.101873
0.052494331,-0.102743
0.052607710,-0.103606
0.052721088,-0.104465
0.052834467,-0.105316
0.052947846,-0.106161
0.053061224,-0.106998
0.053174603,-0.107830
0.053287982,-0.108653
0.053401361,-0.109471
0.053514739,-0.110280
0.053628118,-0.111083
0.053741497,-0.111878
0.053854875,-0.112666
0.053968254,-0.113446
0.054081633,-0.114218
0.054195011,-0.114983
0.054308390,-0.115738
0.054421769,-0.116487
0.054535147,-0.117229
0.054648526,-0.117960
0.054761905,-0.118684
0.054875283,-0.119400
0.054988662,-0.120108
0.055102041,-0.120806
0.055215420,-0.121496
0.055328798,-0.122179
0.055442177,-0.122852
0.055555556,-0.123515
0.055668934,-0.124172
0.055782313,-0.124820
0.055895692,-0.125457
0.056009070,-0.126087
0.056122449,-0.126708
0.056235828,-0.127320
0.056349206,-0.127925
0.056462585,-0.128520
0.056575964,-0.129108
0.056689342,-0.129686
0.056802721,-0.130256
0.056916100,-0.130817
0.057029478,-0.131371
0.057142857,-0.131916
0.057256236,-0.132452
0.057369615,-0.132981
0.057482993,-0.133501
0.057596372,-0.134014
0.057709751,-0.134519
0.057823129,-0.135014
0.057936508,-0.135502
0.058049887,-0.135984
0.058163265,-0.136456
0.058276644,-0.136921
0.058390023,-0.137378
0.058503401,-0.137829
0.058616780,-0.138271
0.058730159,-0.138705
0.058843537,-0.139133
0.058956916,-0.139552
0.059070295,-0.139964
0.059183673,-0.140369
0.059297052,-0.140767
0.059410431,-0.141158
0.059523810,-0.141542
0.059637188,-0.141919
0.059750567,-0.142287
0.059863946,-0.142649
0.059977324,-0.143005
0.060090703,-0.143353
0.060204082,-0.143694
0.060317460,-0.144029
0.060430839,-0.144356
0.060544218,-0.144676
0.060657596,-0.144991
0.060770975,-0.145298
0.060884354,-0.145597
0.060997732,-0.145891
0.061111111,-0.146179
0.061224490,-0.146460
0.061337868,-0.146734
0.061451247,-0.147003
0.061564626,-0.147264
0.061678005,-0.147521
0.061791383,-0.147770
0.061904762,-0.148014
0.062018141,-0.148253
0.062131519,-0.148486
0.062244898,-0.148712
0.062358277,-0.148935
0.062471655,-0.149152
0.062585034,-0.149363
0.062698413,-0.149571
0.062811791,-0.149773
0.062925170,-0.149971
0.063038549,-0.150163
0.063151927,-0.150352
0.063265306,-0.150536
0.063378685,-0.150718
0.063492063,-0.150895
0.063605442,-0.151068
0.063718821,-0.151236
0.063832200,-0.151402
0.063945578,-0.151564
0.064058957,-0.151725
0.064172336,-0.151881
0.064285714,-0.152034
0.064399093,-0.152184
0.064512472,-0.152333
0.064625850,-0.152479
0.064739229,-0.152623
0.064852608,-0.152764
0.064965986,-0.152902
0.065079365,-0.153038
0.065192744,-0.153174
0.065306122,-0.153306
0.065419501,-0.153437
0.065532880,-0.153566
0.065646259,-0.153695
0.065759637,-0.153820
0.065873016,-0.153946
0.065986395,-0.154069
0.066099773,-0.154191
0.066213152,-0.154313
0.066326531,-0.154433
0.066439909,-0.154554
0.066553288,-0.154672
0.066666667,-0.154789
0.066780045,-0.154905
0.066893424,-0.155022
0.067006803,-0.155137
0.067120181,-0.155252
0.067233560,-0.155365
0.067346939,-0.155478
0.067460317,-0.155591
0.067573696,-0.155704
0.067687075,-0.155817
0.067800454,-0.155929
0.067913832,-0.156040
0.068027211,-0.156152
0.068140590,-0.156265
0.068253968,-0.156376
0.068367347,-0.156489
0.068480726,-0.156601
0.068594104,-0.156714
0.068707483,-0.156827
0.068820862,-0.156941
0.068934240,-0.157054
0.069047619,-0.157169
0.069160998,-0.157284
0.069274376,-0.157399
0.069387755,-0.157516
0.069501134,-0.157631
0.069614512,-0.157748
0.069727891,-0.157865
0.069841270,-0.157983
0.069954649,-0.158102
0.070068027,-0.158219
0.070181406,-0.158337
0.070294785,-0.158458
0.070408163,-0.158577
0.070521542,-0.158695
0.070634921,-0.158816
0.070748299,-0.158934
0.070861678,-0.159053
0.070975057,-0.159172
0.071088435,-0.159291
0.071201814,-0.159407
0.071315193,-0.159524
0.071428571,-0.159641
0.071541950,-0.159757
0.071655329,-0.159870
0.071768707,-0.159982
0.071882086,-0.160093
0.071995465,-0.160203
0.072108844,-0.160312
0.072222222,-0.160418
0.072335601,-0.160521
0.072448980,-0.160624
0.072562358,-0.160723
0.072675737,-0.160819
0.072789116,-0.160915
0.072902494,-0.161005
0.073015873,-0.161096
0.073129252,-0.161181
0.073242630,-0.161264
0.073356009,-0.161344
0.073469388,-0.161422
0.073582766,-0.161495
0.073696145,-0.161566
0.073809524,-0.161632
0.073922902,-0.161696
0.074036281,-0.161756
0.074149660,-0.161811
0.074263039,-0.161865
0.074376417,-0.161913
0.074489796,-0.161959
0.074603175,-0.162000
0.074716553,-0.162037
0.074829932,-0.162070
0.074943311,-0.162100
0.075056689,-0.162125
0.075170068,-0.162145
0.075283447,-0.162163
0.075396825,-0.162175
0.075510204,-0.162183
0.075623583,-0.162187
0.075736961,-0.162187
0.075850340,-0.162182
0.075963719,-0.162171
0.076077098,-0.162158
0.076190476,-0.162138
0.076303855,-0.162114
0.076417234,-0.162084
0.076530612,-0.162051
0.076643991,-0.162010
0.076757370,-0.161966
0.076870748,-0.161915
0.076984127,-0.161861
0.077097506,-0.161799
0.077210884,-0.161732
0.077324263,-0.161660
0.077437642,-0.161582
0.077551020,-0.161499
0.077664399,-0.161409
0.077777778,-0.161314
0.077891156,-0.161213
0.078004535,-0.161107
0.078117914,-0.160994
0.078231293,-0.160876
0.078344671,-0.160753
0.078458050,-0.160624
0.078571429,-0.160488
0.078684807,-0.160348
0.078798186,-0.160200
0.078911565,-0.160048
0.079024943,-0.159889
0.079138322,-0.159724
0.079251701,-0.159555
0.079365079,-0.159380
0.079478458,-0.159198
0.079591837,-0.159012
0.079705215,-0.158819
0.079818594,-0.158621
0.079931973,-0.158418
0.080045351,-0.158210
0.080158730,-0.157996
0.080272109,-0.157776
0.080385488,-0.157552
0.080498866,-0.157322
0.080612245,-0.157089
0.080725624,-0.156848
0.080839002,-0.156604
0.080952381,-0.156355
0.081065760,-0.156102
0.081179138,-0.155844
0.081292517,-0.155580
0.081405896,-0.155313
0.081519274,-0.155041
0.081632653,-0.154765
0.081746032,-0.154484
0.081859410,-0.154199
0.081972789,-0.153909
0.082086168,-0.153616
0.082199546,-0.153319
0.082312925,-0.153018
0.082426304,-0.152712
0.082539683,-0.152405
0.082653061,-0.152092
0.082766440,-0.151775
0.082879819,-0.151455
0.082993197,-0.151133
0.083106576,-0.150806
0.083219955,-0.150477
0.083333333,-0.150145
0.083446712,-0.149809
0.083560091,-0.149469
0.083673469,-0.149128
0.083786848,-0.148785
0.083900227,-0.148438
0.084013605,-0.148088
0.084126984,-0.147736
0.084240363,-0.147383
0.084353741,-0.147027
0.084467120,-0.146668
0.084580499,-0.146309
0.084693878,-0.145947
0.084807256,-0.145584
0.084920635,-0.145220
0.085034014,-0.144856
0.085147392,-0.144490
0.085260771,-0.144122
0.085374150,-0.143756
0.085487528,-0.143386
0.085600907,-0.143019
0.085714286,-0.142651
0.085827664,-0.142281
0.085941043,-0.141914
0.086054422,-0.141546
0.086167800,-0.141178
0.086281179,-0.140811
0.086394558,-0.140443
0.086507937,-0.140077
0.086621315,-0.139711
0.086734694,-0.139347
0.086848073,-0.138983
0.086961451,-0.138621
0.087074830,-0.138260
0.087188209,-0.137900
0.087301587,-0.137539
0.087414966,-0.137182
0.087528345,-0.136825
0.087641723,-0.136470
0.087755102,-0.136115
0.087868481,-0.135761
0.087981859,-0.135411
0.088095238,-0.135062
0.088208617,-0.134712
0.088321995,-0.134366
0.088435374,-0.134019
0.088548753,-0.133675
0.088662132,-0.133332
0.088775510,-0.132991
0.088888889,-0.132650
0.089002268,-0.132313
0.089115646,-0.131974
0.089229025,-0.131638
0.089342404,-0.131303
0.089455782,-0.130969
0.089569161,-0.130637
0.089682540,-0.130305
0.089795918,-0.129975
0.089909297,-0.129646
0.090022676,-0.129318
0.090136054,-0.128991
0.090249433,-0.128666
0.090362812,-0.128343
0.090476190,-0.128020
0.090589569,-0.127701
0.090702948,-0.127381
0.090816327,-0.127063
0.090929705,-0.126746
0.091043084,-0.126431
0.091156463,-0.126117
0.091269841,-0.125807
0.091383220,-0.125496
0.091496599,-0.125187
0.091609977,-0.124880
0.091723356,-0.124575
0.091836735,-0.124270
0.091950113,-0.123966
0.092063492,-0.123666
0.092176871,-0.123365
0.092290249,-0.123067
0.092403628,-0.122768
0.092517007,-0.122472
0.092630385,-0.122178
0.092743764,-0.121883
0.092857143,-0.121589
0.092970522,-0.121296
0.093083900,-0.121005
0.093197279,-0.120712
0.093310658,-0.120421
0.093424036,-0.120130
0.093537415,-0.119839
0.093650794,-0.119548
0.093764172,-0.119257
0.093877551,-0.118966
0.093990930,-0.118675
0.094104308,-0.118383
0.094217687,-0.118092
0.094331066,-0.117797
0.094444444,-0.117505
0.094557823,-0.117210
0.094671202,-0.116916
0.094784580,-0.116620
0.094897959,-0.116322
0.095011338,-0.116024
0.095124717,-0.115724
0.095238095,-0.115425
0.095351474,-0.115123
0.095464853,-0.114822
0.095578231,-0.114517
0.095691610,-0.114212
0.095804989,-0.113907
0.095918367,-0.113598
0.096031746,-0.113290
0.096145125,-0.112981
0.096258503,-0.112671
0.096371882,-0.112359
0.096485261,-0.112045
0.096598639,-0.111731
0.096712018,-0.111414
0.096825397,-0.111099
0.096938776,-0.110779
0.097052154,-0.110460
0.097165533,-0.110140
0.097278912,-0.109817
0.097392290,-0.109494
0.097505669,-0.109168
0.097619048,-0.108844
0.097732426,-0.108516
0.097845805,-0.108188
0.097959184,-0.107859
0.098072562,-0.107527
0.098185941,-0.107196
0.098299320,-0.106863
0.098412698,-0.106528
0.098526077,-0.106191
0.098639456,-0.105853
0.098752834,-0.105514
0.098866213,-0.105174
0.098979592,-0.104832
0.099092971,-0.104490
0.099206349,-0.104146
0.099319728,-0.103801
0.099433107,-0.103453
0.099546485,-0.103104
0.099659864,-0.102755
0.099773243,-0.102405
0.099886621,-0.102054
0.100000000,-0.101699
0.100113379,-0.101345
0.100226757,-0.100989
0.100340136,-0.100633
0.100453515,-0.100275
0.100566893,-0.099916
0.100680272,-0.099556
0.100793651,-0.099195
0.100907029,-0.098833
0.101020408,-0.098470
0.101133787,-0.098107
0.101247166,-0.097742
0.101360544,-0.097377
0.101473923,-0.097011
0.101587302,-0.096646
0.101700680,-0.096279
0.101814059,-0.095911
0.101927438,-0.095544
0.102040816,-0.095176
0.102154195,-0.094808
0.102267574,-0.094439
0.102380952,-0.094071
0.102494331,-0.093703
0.102607710,-0.093336
0.102721088,-0.092968
0.102834467,-0.092599
0.102947846,-0.092233
0.103061224,-0.091866
0.103174603,-0.091500
0.103287982,-0.091133
0.103401361,-0.090769
0.103514739,-0.090402
0.103628118,-0.090039
0.103741497,-0.089674
0.103854875,-0.089311
0.103968254,-0.088949
0.104081633,-0.088587
0.104195011,-0.088226
0.104308390,-0.087867
0.104421769,-0.087508
0.104535147,-0.087148
0.104648526,-0.086791
0.104761905,-0.086433
0.104875283,-0.086077
0.104988662,-0.085722
0.105102041,-0.085368
0.105215420,-0.085014
0.105328798,-0.084660
0.105442177,-0.084308
0.105555556,-0.083957
0.105668934,-0.083607
0.105782313,-0.083256
0.105895692,-0.082908
0.106009070,-0.082559
0.106122449,-0.082212
0.106235828,-0.081866
0.106349206,-0.081520
0.106462585,-0.081175
0.106575964,-0.080832
0.106689342,-0.080491
0.106802721,-0.080149
0.106916100,-0.079810
0.107029478,-0.079472
0.107142857,-0.079134
0.107256236,-0.078799
0.107369615,-0.078465
0.107482993,-0.078133
0.107596372,-0.077802
0.107709751,-0.077473
0.107823129,-0.077147
0.107936508,-0.076822
0.108049887,-0.076498
0.108163265,-0.076178
0.108276644,-0.075860
0.108390023,-0.075543
0.108503401,-0.075229
0.108616780,-0.074917
0.108730159,-0.074606
0.108843537,-0.074300
0.108956916,-0.073994
0.109070295,-0.073694
0.109183673,-0.073393
0.109297052,-0.073096
0.109410431,-0.072803
0.109523810,-0.072511
0.109637188,-0.072223
0.109750567,-0.071937
0.109863946,-0.071654
0.109977324,-0.071375
0.110090703,-0.071098
0.110204082,-0.070822
0.110317460,-0.070550
0.110430839,-0.070279
0.110544218,-0.070013
0.110657596,-0.069749
0.110770975,-0.069488
0.110884354,-0.069228
0.110997732,-0.068972
0.111111111,-0.068718
0.111224490,-0.068467
0.111337868,-0.068218
0.111451247,-0.067971
0.111564626,-0.067727
0.111678005,-0.067485
0.111791383,-0.067247
0.111904762,-0.067011
0.112018141,-0.066778
0.112131519,-0.066545
0.112244898,-0.066315
0.112358277,-0.066089
0.112471655,-0.065865
0.112585034,-0.065643
0.112698413,-0.065422
0.112811791,-0.065205
0.112925170,-0.064990
0.113038549,-0.064778
0.113151927,-0.064567
0.113265306,-0.064360
0.113378685,-0.064154
0.113492063,-0.063951
0.113605442,-0.063750
0.113718821,-0.063551
0.113832200,-0.063354
0.113945578,-0.063160
0.114058957,-0.062968
0.114172336,-0.062777
0.114285714,-0.062589
0.114399093,-0.062402
0.114512472,-0.062217
0.114625850,-0.062034
0.114739229,-0.061853
0.114852608,-0.061671
0.114965986,-0.061493
0.115079365,-0.061315
0.115192744,-0.061138
0.115306122,-0.060962
0.115419501,-0.060786
0.115532880,-0.060611
0.115646259,-0.060437
0.115759637,-0.060263
0.115873016,-0.060090
0.115986395,-0.059916
0.116099773,-0.059742
0.116213152,-0.059567
0.116326531,-0.059393
0.116439909,-0.059219
0.116553288,-0.059045
0.116666667,-0.058869
0.116780045,-0.058695
0.116893424,-0.058517
0.117006803,-0.058341
0.117120181,-0.058161
0.117233560,-0.057984
0.117346939,-0.057804
0.117460317,-0.057623
0.117573696,-0.057442
0.117687075,-0.057259
0.117800454,-0.057076
0.117913832,-0.056891
0.118027211,-0.056706
0.118140590,-0.056520
0.118253968,-0.056331
0.118367347,-0.056143
0.118480726,-0.055953
0.118594104,-0.055761
0.118707483,-0.055569
0.118820862,-0.055376
0.118934240,-0.055182
0.119047619,-0.054987
0.119160998,-0.054791
0.119274376,-0.054594
0.119387755,-0.054395
0.119501134,-0.054196
0.119614512,-0.053996
0.119727891,-0.053795
0.119841270,-0.053593
0.119954649,-0.053389
0.120068027,-0.053184
0.120181406,-0.052980
0.120294785,-0.052774
0.120408163,-0.052567
0.120521542,-0.052357
0.120634921,-0.052148
0.120748299,-0.051937
0.120861678,-0.051725
0.120975057,-0.051512
0.121088435,-0.051298
0.121201814,-0.051083
0.121315193,-0.050866
0.121428571,-0.050650
0.121541950,-0.050430
0.121655329,-0.050210
0.121768707,-0.049990
0.121882086,-0.049766
0.121995465,-0.049543
0.122108844,-0.049317
0.122222222,-0.049092
0.122335601,-0.048863
0.122448980,-0.048634
0.122562358,-0.048404
0.122675737,-0.048171
0.122789116,-0.047939
0.122902494,-0.047703
0.123015873,-0.047467
0.123129252,-0.047231
0.123242630,-0.046992
0.123356009,-0.046754
0.123469388,-0.046513
0.123582766,-0.046272
0.123696145,-0.046031
0.123809524,-0.045788
0.123922902,-0.045545
0.124036281,-0.045300
0.124149660,-0.045055
0.124263039,-0.044811
0.124376417,-0.044566
0.124489796,-0.044321
0.124603175,-0.044076
0.124716553,-0.043832
0.124829932,-0.043587
0.124943311,-0.043342
0.125056689,-0.043100
0.125170068,-0.042855
0.125283447,-0.042612
0.125396825,-0.042371
0.125510204,-0.042130
0.125623583,-0.041889
0.125736961,-0.041651
0.125850340,-0.041412
0.125963719,-0.041176
0.126077098,-0.040940
0.126190476,-0.040706
0.126303855,-0.040474
0.126417234,-0.040244
0.126530612,-0.040013
0.126643991,-0.039786
0.126757370,-0.039560
0.126870748,-0.039336
0.126984127,-0.039115
0.127097506,-0.038895
0.127210884,-0.038677
0.127324263,-0.038461
0.127437642,-0.038248
0.127551020,-0.038036
0.127664399,-0.037827
0.127777778,-0.037621
0.127891156,-0.037416
0.128004535,-0.037214
0.128117914,-0.037013
0.128231293,-0.036817
0.128344671,-0.036622
0.128458050,-0.036429
0.128571429,-0.036239
0.128684807,-0.036051
0.128798186,-0.035867
0.128911565,-0.035685
0.129024943,-0.035506
0.129138322,-0.035329
0.129251701,-0.035155
0.129365079,-0.034984
0.129478458,-0.034815
0.129591837,-0.034651
0.129705215,-0.034488
0.129818594,-0.034327
0.129931973,-0.034169
0.130045351,-0.034015
0.130158730,-0.033863
0.130272109,-0.033712
0.130385488,-0.033566
0.130498866,-0.033422
0.130612245,-0.033279
0.130725624,-0.033141
0.130839002,-0.033003
0.130952381,-0.032868
0.131065760,-0.032736
0.131179138,-0.032605
0.131292517,-0.032476
0.131405896,-0.032350
0.131519274,-0.032224
0.131632653,-0.032101
0.131746032,-0.031979
0.131859410,-0.031857
0.131972789,-0.031736
0.132086168,-0.031618
0.132199546,-0.031500
0.132312925,-0.031383
0.132426304,-0.031264
0.132539683,-0.031148
0.132653061,-0.031031
0.132766440,-0.030914
0.132879819,-0.030796
0.132993197,-0.030678
0.133106576,-0.030559
0.133219955,-0.030439
0.133333333,-0.030319
0.133446712,-0.030197
0.133560091,-0.030073
0.133673469,-0.029946
0.133786848,-0.029819
0.133900227,-0.029688
0.134013605,-0.029555
0.134126984,-0.029421
0.134240363,-0.029283
0.134353741,-0.029144
0.134467120,-0.028999
0.134580499,-0.028852
0.134693878,-0.028702
0.134807256,-0.028548
0.134920635,-0.028391
0.135034014,-0.028228
0.135147392,-0.028064
0.135260771,-0.027894
0.135374150,-0.027719
0.135487528,-0.027540
0.135600907,-0.027356
0.135714286,-0.027169
0.135827664,-0.026974
0.135941043,-0.026776
0.136054422,-0.026571
0.136167800,-0.026362
0.136281179,-0.026147
0.136394558,-0.025924
0.136507937,-0.025696
0.136621315,-0.025462
0.136734694,-0.025222
0.136848073,-0.024972
0.136961451,-0.024717
0.137074830,-0.024456
0.137188209,-0.024187
0.137301587,-0.023909
0.137414966,-0.023624
0.137528345,-0.023330
0.137641723,-0.023028
0.137755102,-0.022718
0.137868481,-0.022399
0.137981859,-0.022070
0.138095238,-0.021734
0.138208617,-0.021387
0.138321995,-0.021030
0.138435374,-0.020663
0.138548753,-0.020288
0.138662132,-0.019900
0.138775510,-0.019504
0.138888889,-0.019097
0.139002268,-0.018677
0.139115646,-0.018249
0.139229025,-0.017808
0.139342404,-0.017357
0.139455782,-0.016893
0.139569161,-0.016418
0.139682540,-0.015931
0.139795918,-0.015434
0.139909297,-0.014924
0.140022676,-0.014402
0.140136054,-0.013869
0.140249433,-0.013323
0.140362812,-0.012766
0.140476190,-0.012195
0.140589569,-0.011615
0.140702948,-0.011020
0.140816327,-0.010414
0.140929705,-0.009796
0.141043084,-0.009166
0.141156463,-0.008523
0.141269841,-0.007868
0.141383220,-0.007202
0.141496599,-0.006522
0.141609977,-0.005831
0.141723356,-0.005128
0.141836735,-0.004413
0.141950113,-0.003685
0.142063492,-0.002944
0.142176871,-0.002193
0.142290249,-0.001428
0.142403628,-0.000653
0.142517007,0.000136
0.142630385,0.000934
0.142743764,0.001747
0.142857143,0.002571
0.142970522,0.003405
0.143083900,0.004254
0.143197279,0.005113
0.143310658,0.005984
0.143424036,0.006868
0.143537415,0.007762
0.143650794,0.008669
0.143764172,0.009587
0.143877551,0.010517
0.143990930,0.011457
0.144104308,0.012408
0.144217687,0.013372
0.144331066,0.014346
0.144444444,0.015331
0.144557823,0.016326
0.144671202,0.017333
0.144784580,0.018349
0.144897959,0.019375
0.145011338,0.020411
0.145124717,0.021458
0.145238095,0.022516
0.145351474,0.023580
0.145464853,0.024655
0.145578231,0.025739
0.145691610,0.026831
0.145804989,0.027932
0.145918367,0.029041
0.146031746,0.030159
0.146145125,0.031284
0.146258503,0.032416
0.146371882,0.033557
0.146485261,0.034703
0.146598639,0.035858
0.146712018,0.037018
0.146825397,0.038185
0.146938776,0.039358
0.147052154,0.040538
0.147165533,0.041723
0.147278912,0.042913
0.147392290,0.044107
0.147505669,0.045308
0.147619048,0.046513
0.147732426,0.047723
0.147845805,0.048938
0.147959184,0.050155
0.148072562,0.051377
0.148185941,0.052603
0.148299320,0.053832
0.148412698,0.055065
0.148526077,0.056302
0.148639456,0.057542
0.148752834,0.058784
0.148866213,0.060027
0.148979592,0.061274
0.149092971,0.062525
0.149206349,0.063775
0.149319728,0.065028
0.149433107,0.066284
0.149546485,0.067540
0.149659864,0.068799
0.149773243,0.070057
0.149886621,0.071318
0.150000000,0.072579
0.150113379,0.073840
0.150226757,0.075102
0.150340136,0.076365
0.150453515,0.077628
0.150566893,0.078889
0.150680272,0.080152
0.150793651,0.081413
0.150907029,0.082672
0.151020408,0.083932
0.151133787,0.085191
0.151247166,0.086447
0.151360544,0.087703
0.151473923,0.088955
0.151587302,0.090206
0.151700680,0.091455
0.151814059,0.092700
0.151927438,0.093943
0.152040816,0.095183
0.152154195,0.096420
0.152267574,0.097652
0.152380952,0.098882
0.152494331,0.100107
0.152607710,0.101329
0.152721088,0.102546
0.152834467,0.103758
0.152947846,0.104966
0.153061224,0.106170
0.153174603,0.107369
0.153287982,0.108563
0.153401361,0.109751
0.153514739,0.110935
0.153628118,0.112112
0.153741497,0.113287
0.153854875,0.114454
0.153968254,0.115616
0.154081633,0.116770
0.154195011,0.117922
0.154308390,0.119066
0.154421769,0.120204
0.154535147,0.121336
0.154648526,0.122464
0.154761905,0.123583
0.154875283,0.124697
0.154988662,0.125806
0.155102041,0.126908
0.155215420,0.128004
0.155328798,0.129093
0.155442177,0.130175
0.155555556,0.131252
0.155668934,0.132321
0.155782313,0.133384
0.155895692,0.134441
0.156009070,0.135489
0.156122449,0.136532
0.156235828,0.137568
0.156349206,0.138597
0.156462585,0.139619
0.156575964,0.140635
0.156689342,0.141643
0.156802721,0.142643
0.156916100,0.143636
0.157029478,0.144623
0.157142857,0.145600
0.157256236,0.146572
0.157369615,0.147535
0.157482993,0.148491
0.157596372,0.149439
0.157709751,0.150379
0.157823129,0.151312
0.157936508,0.152238
0.158049887,0.153155
0.158163265,0.154063
0.158276644,0.154964
0.158390023,0.155858
0.158503401,0.156743
0.158616780,0.157621
0.158730159,0.158491
0.158843537,0.159353
0.158956916,0.160208
0.159070295,0.161054
0.159183673,0.161893
0.159297052,0.162723
0.159410431,0.163546
0.159523810,0.164362
0.159637188,0.165171
0.159750567,0.165971
0.159863946,0.166764
0.159977324,0.167552
0.160090703,0.168330
0.160204082,0.169102
0.160317460,0.169867
0.160430839,0.170624
0.160544218,0.171376
0.160657596,0.172119
0.160770975,0.172857
0.160884354,0.173588
0.160997732,0.174314
0.161111111,0.175032
0.161224490,0.175744
0.161337868,0.176448
0.161451247,0.177147
0.161564626,0.177841
0.161678005,0.178527
0.161791383,0.179206
0.161904762,0.179881
0.162018141,0.180549
0.162131519,0.181211
0.162244898,0.181866
0.162358277,0.182515
0.162471655,0.183157
0.162585034,0.183794
0.162698413,0.184424
0.162811791,0.185047
0.162925170,0.185664
0.163038549,0.186274
0.163151927,0.186877
0.163265306,0.187475
0.163378685,0.188066
0.163492063,0.188650
0.163605442,0.189228
0.163718821,0.189797
0.163832200,0.190362
0.163945578,0.190917
0.164058957,0.191467
0.164172336,0.192010
0.164285714,0.192544
0.164399093,0.193072
0.164512472,0.193594
0.164625850,0.194107
0.164739229,0.194614
0.164852608,0.195113
0.164965986,0.195604
0.165079365,0.196089
0.165192744,0.196566
0.165306122,0.197036
0.165419501,0.197499
0.165532880,0.197953
0.165646259,0.198400
0.165759637,0.198840
0.165873016,0.199272
0.165986395,0.199696
0.166099773,0.200113
0.166213152,0.200521
0.166326531,0.200922
0.166439909,0.201314
0.166553288,0.201697
0.166666667,0.202075
0.166780045,0.202442
0.166893424,0.202803
0.167006803,0.203154
0.167120181,0.203496
0.167233560,0.203832
0.167346939,0.204158
0.167460317,0.204476
0.167573696,0.204783
0.167687075,0.205083
0.167800454,0.205374
0.167913832,0.205656
0.168027211,0.205928
0.168140590,0.206191
0.168253968,0.206444
0.168367347,0.206689
0.168480726,0.206924
0.168594104,0.207147
0.168707483,0.207362
0.168820862,0.207568
0.168934240,0.207762
0.169047619,0.207946
0.169160998,0.208120
0.169274376,0.208284
0.169387755,0.208438
0.169501134,0.208580
0.169614512,0.208712
0.169727891,0.208833
0.169841270,0.208943
0.169954649,0.209043
0.170068027,0.209131
0.170181406,0.209208
0.170294785,0.209274
0.170408163,0.209329
0.170521542,0.209372
0.170634921,0.209404
0.170748299,0.209426
0.170861678,0.209437
0.170975057,0.209435
0.171088435,0.209421
0.171201814,0.209398
0.171315193,0.209363
0.171428571,0.209317
0.171541950,0.209259
0.171655329,0.209190
0.171768707,0.209111
0.171882086,0.209020
0.171995465,0.208918
0.172108844,0.208805
0.172222222,0.208681
0.172335601,0.208546
0.172448980,0.208399
0.172562358,0.208242
0.172675737,0.208074
0.172789116,0.207895
0.172902494,0.207704
0.173015873,0.207504
0.173129252,0.207291
0.173242630,0.207068
0.173356009,0.206832
0.173469388,0.206588
0.173582766,0.206331
0.173696145,0.206064
0.173809524,0.205784
0.173922902,0.205495
0.174036281,0.205194
0.174149660,0.204882
0.174263039,0.204560
0.174376417,0.204225
0.174489796,0.203881
0.174603175,0.203525
0.174716553,0.203158
0.174829932,0.202781
0.174943311,0.202393
0.175056689,0.201994
0.175170068,0.201585
0.175283447,0.201165
0.175396825,0.200734
0.175510204,0.200294
0.175623583,0.199844
0.175736961,0.199384
0.175850340,0.198912
0.175963719,0.198432
0.176077098,0.197941
0.176190476,0.197443
0.176303855,0.196933
0.176417234,0.196415
0.176530612,0.195889
0.176643991,0.195352
0.176757370,0.194808
0.176870748,0.194253
0.176984127,0.193691
0.177097506,0.193121
0.177210884,0.192543
0.177324263,0.191956
0.177437642,0.191362
0.177551020,0.190762
0.177664399,0.190152
0.177777778,0.189535
0.177891156,0.188911
0.178004535,0.188280
0.178117914,0.187644
0.178231293,0.186999
0.178344671,0.186348
0.178458050,0.185691
0.178571429,0.185028
0.178684807,0.184359
0.178798186,0.183684
0.178911565,0.183002
0.179024943,0.182316
0.179138322,0.181625
0.179251701,0.180926
0.179365079,0.180222
0.179478458,0.179515
0.179591837,0.178801
0.179705215,0.178083
0.179818594,0.177358
0.179931973,0.176630
0.180045351,0.175897
0.180158730,0.175158
0.180272109,0.174416
0.180385488,0.173668
0.180498866,0.172916
0.180612245,0.172159
0.180725624,0.171399
0.180839002,0.170633
0.180952381,0.169864
0.181065760,0.169091
0.181179138,0.168313
0.181292517,0.167531
0.181405896,0.166746
0.181519274,0.165957
0.181632653,0.165164
0.181746032,0.164367
0.181859410,0.163567
0.181972789,0.162762
0.182086168,0.161956
0.182199546,0.161146
0.182312925,0.160332
0.182426304,0.159515
0.182539683,0.158694
0.182653061,0.157872
0.182766440,0.157045
0.182879819,0.156218
0.182993197,0.155384
0.183106576,0.154549
0.183219955,0.153713
0.183333333,0.152873
0.183446712,0.152029
0.183560091,0.151183
0.183673469,0.150334
0.183786848,0.149481
0.183900227,0.148627
0.184013605,0.147769
0.184126984,0.146909
0.184240363,0.146046
0.184353741,0.145179
0.184467120,0.144308
0.184580499,0.143434
0.184693878,0.142557
0.184807256,0.141676
0.184920635,0.140793
0.185034014,0.139905
0.185147392,0.139011
0.185260771,0.138116
0.185374150,0.137215
0.185487528,0.136311
0.185600907,0.135402
0.185714286,0.134489
0.185827664,0.133569
0.185941043,0.132647
0.186054422,0.131718
0.186167800,0.130784
0.186281179,0.129846
0.186394558,0.128901
0.186507937,0.127952
0.186621315,0.126997
0.186734694,0.126036
0.186848073,0.125070
0.186961451,0.124098
0.187074830,0.123121
0.187188209,0.122137
0.187301587,0.121148
0.187414966,0.120154
0.187528345,0.119152
0.187641723,0.118145
0.187755102,0.117131
0.187868481,0.116111
0.187981859,0.115085
0.188095238,0.114053
0.188208617,0.113014
0.188321995,0.111970
0.188435374,0.110917
0.188548753,0.109858
0.188662132,0.108795
0.188775510,0.107722
0.188888889,0.106644
0.189002268,0.105557
0.189115646,0.104465
0.189229025,0.103366
0.189342404,0.102260
0.189455782,0.101146
0.189569161,0.100024
0.189682540,0.098895
0.189795918,0.097760
0.189909297,0.096615
0.190022676,0.095464
0.190136054,0.094305
0.190249433,0.093136
0.190362812,0.091961
0.190476190,0.090776
0.190589569,0.089585
0.190702948,0.088385
0.190816327,0.087175
0.190929705,0.085957
0.191043084,0.084731
0.191156463,0.083495
0.191269841,0.082250
0.191383220,0.080997
0.191496599,0.079734
0.191609977,0.078461
0.191723356,0.077181
0.191836735,0.075890
0.191950113,0.074589
0.192063492,0.073279
0.192176871,0.071960
0.192290249,0.070630
0.192403628,0.069291
0.192517007,0.067942
0.192630385,0.066584
0.192743764,0.065215
0.192857143,0.063836
0.192970522,0.062448
0.193083900,0.061049
0.193197279,0.059641
0.193310658,0.058223
0.193424036,0.056794
0.193537415,0.055357
0.193650794,0.053909
0.193764172,0.052451
0.193877551,0.050985
0.193990930,0.049508
0.194104308,0.048022
0.194217687,0.046528
0.194331066,0.045022
0.194444444,0.043508
0.194557823,0.041984
0.194671202,0.040452
0.194784580,0.038909
0.194897959,0.037356
0.195011338,0.035796
0.195124717,0.034225
0.195238095,0.032645
0.195351474,0.031056
0.195464853,0.029459
0.195578231,0.027851
0.195691610,0.026235
0.195804989,0.024610
0.195918367,0.022977
0.196031746,0.021333
0.196145125,0.019682
0.196258503,0.018021
0.196371882,0.016351
0.196485261,0.014673
0.196598639,0.012985
0.196712018,0.011290
0.196825397,0.009587
0.196938776,0.007874
0.197052154,0.006152
0.197165533,0.004423
0.197278912,0.002686
0.197392290,0.000939
0.197505669,-0.000814
0.197619048,-0.002577
0.197732426,-0.004344
0.197845805,-0.006121
0.197959184,-0.007905
0.198072562,-0.009696
0.198185941,-0.011493
0.198299320,-0.013298
0.198412698,-0.015109
0.198526077,-0.016926
0.198639456,-0.018749
0.198752834,-0.020579
0.198866213,-0.022414
0.198979592,-0.024252
0.199092971,-0.026098
0.199206349,-0.027948
0.199319728,-0.029802
0.199433107,-0.031660
0.199546485,-0.033524
0.199659864,-0.035391
0.199773243,-0.037260
0.199886621,-0.039134
0.200000000,-0.041010
0.200113379,-0.042889
0.200226757,-0.044771
0.200340136,-0.046656
0.200453515,-0.048540
0.200566893,-0.050429
0.200680272,-0.052319
0.200793651,-0.054211
0.200907029,-0.056103
0.201020408,-0.057996
0.201133787,-0.059890
0.201247166,-0.061786
0.201360544,-0.063681
0.201473923,-0.065577
0.201587302,-0.067472
0.201700680,-0.069367
0.201814059,-0.071263
0.201927438,-0.073157
0.202040816,-0.075050
0.202154195,-0.076942
0.202267574,-0.078834
0.202380952,-0.080725
0.202494331,-0.082611
0.202607710,-0.084498
0.202721088,-0.086383
0.202834467,-0.088264
0.202947846,-0.090142
0.203061224,-0.092018
0.203174603,-0.093892
0.203287982,-0.095761
0.203401361,-0.097626
0.203514739,-0.099488
0.203628118,-0.101345
0.203741497,-0.103198
0.203854875,-0.105047
0.203968254,-0.106890
0.204081633,-0.108728
0.204195011,-0.110562
0.204308390,-0.112388
0.204421769,-0.114209
0.204535147,-0.116025
0.204648526,-0.117832
0.204761905,-0.119635
0.204875283,-0.121430
0.204988662,-0.123217
0.205102041,-0.124996
0.205215420,-0.126769
0.205328798,-0.128534
0.205442177,-0.130289
0.205555556,-0.132036
0.205668934,-0.133774
0.205782313,-0.135504
0.205895692,-0.137224
0.206009070,-0.138936
0.206122449,-0.140638
0.206235828,-0.142330
0.206349206,-0.144013
0.206462585,-0.145683
0.206575964,-0.147345
0.206689342,-0.148997
0.206802721,-0.150638
0.206916100,-0.152267
0.207029478,-0.153887
0.207142857,-0.155495
0.207256236,-0.157093
0.207369615,-0.158680
0.207482993,-0.160255
0.207596372,-0.161819
0.207709751,-0.163372
0.207823129,-0.164913
0.207936508,-0.166444
0.208049887,-0.167962
0.208163265,-0.169468
0.208276644,-0.170963
0.208390023,-0.172447
0.208503401,-0.173917
0.208616780,-0.175377
0.208730159,-0.176822
0.208843537,-0.178257
0.208956916,-0.179679
0.209070295,-0.181089
0.209183673,-0.182487
0.209297052,-0.183872
0.209410431,-0.185244
0.209523810,-0.186605
0.209637188,-0.187951
0.209750567,-0.189286
0.209863946,-0.190608
0.209977324,-0.191917
0.210090703,-0.193211
0.210204082,-0.194495
0.210317460,-0.195763
0.210430839,-0.197021
0.210544218,-0.198264
0.210657596,-0.199495
0.210770975,-0.200712
0.210884354,-0.201916
0.210997732,-0.203106
0.211111111,-0.204284
0.211224490,-0.205448
0.211337868,-0.206599
0.211451247,-0.207736
0.211564626,-0.208861
0.211678005,-0.209971
0.211791383,-0.211067
0.211904762,-0.212151
0.212018141,-0.213222
0.212131519,-0.214280
0.212244898,-0.215323
0.212358277,-0.216353
0.212471655,-0.217372
0.212585034,-0.218376
0.212698413,-0.219367
0.212811791,-0.220345
0.212925170,-0.221310
0.213038549,-0.222261
0.213151927,-0.223199
0.213265306,-0.224125
0.213378685,-0.225037
0.213492063,-0.225937
0.213605442,-0.226824
0.213718821,-0.227697
0.213832200,-0.228557
0.213945578,-0.229403
0.214058957,-0.230237
0.214172336,-0.231059
0.214285714,-0.231866
0.214399093,-0.232659
0.214512472,-0.233440
0.214625850,-0.234208
0.214739229,-0.234962
0.214852608,-0.235702
0.214965986,-0.236428
0.215079365,-0.237142
0.215192744,-0.237839
0.215306122,-0.238524
0.215419501,-0.239195
0.215532880,-0.239853
0.215646259,-0.240494
0.215759637,-0.241122
0.215873016,-0.241737
0.215986395,-0.242337
0.216099773,-0.242921
0.216213152,-0.243490
0.216326531,-0.244046
0.216439909,-0.244586
0.216553288,-0.245111
0.216666667,-0.245623
0.216780045,-0.246118
0.216893424,-0.246597
0.217006803,-0.247064
0.217120181,-0.247514
0.217233560,-0.247949
0.217346939,-0.248370
0.217460317,-0.248775
0.217573696,-0.249164
0.217687075,-0.249539
0.217800454,-0.249897
0.217913832,-0.250242
0.218027211,-0.250571
0.218140590,-0.250884
0.218253968,-0.251182
0.218367347,-0.251463
0.218480726,-0.251732
0.218594104,-0.251983
0.218707483,-0.252219
0.218820862,-0.252440
0.218934240,-0.252645
0.219047619,-0.252835
0.219160998,-0.253010
0.219274376,-0.253167
0.219387755,-0.253311
0.219501134,-0.253438
0.219614512,-0.253548
0.219727891,-0.253645
0.219841270,-0.253724
0.219954649,-0.253789
0.220068027,-0.253835
0.220181406,-0.253868
0.220294785,-0.253883
0.220408163,-0.253882
0.220521542,-0.253866
0.220634921,-0.253833
0.220748299,-0.253784
0.220861678,-0.253719
0.220975057,-0.253637
0.221088435,-0.253538
0.221201814,-0.253424
0.221315193,-0.253292
0.221428571,-0.253144
0.221541950,-0.252980
0.221655329,-0.252800
0.221768707,-0.252604
0.221882086,-0.252391
0.221995465,-0.252161
0.222108844,-0.251914
0.222222222,-0.251652
0.222335601,-0.251373
0.222448980,-0.251078
0.222562358,-0.250767
0.222675737,-0.250438
0.222789116,-0.250095
0.222902494,-0.249734
0.223015873,-0.249358
0.223129252,-0.248965
0.223242630,-0.248557
0.223356009,-0.248134
0.223469388,-0.247693
0.223582766,-0.247239
0.223696145,-0.246768
0.223809524,-0.246282
0.223922902,-0.245781
0.224036281,-0.245264
0.224149660,-0.244733
0.224263039,-0.244186
0.224376417,-0.243625
0.224489796,-0.243052
0.224603175,-0.242463
0.224716553,-0.241859
0.224829932,-0.241241
0.224943311,-0.240609
0.225056689,-0.239965
0.225170068,-0.239307
0.225283447,-0.238634
0.225396825,-0.237951
0.225510204,-0.237251
0.225623583,-0.236542
0.225736961,-0.235818
0.225850340,-0.235081
0.225963719,-0.234332
0.226077098,-0.233573
0.226190476,-0.232799
0.226303855,-0.232015
0.226417234,-0.231218
0.226530612,-0.230409
0.226643991,-0.229589
0.226757370,-0.228757
0.226870748,-0.227914
0.226984127,-0.227061
0.227097506,-0.226196
0.227210884,-0.225320
0.227324263,-0.224435
0.227437642,-0.223537
0.227551020,-0.222630
0.227664399,-0.221713
0.227777778,-0.220787
0.227891156,-0.219850
0.228004535,-0.218905
0.228117914,-0.217948
0.228231293,-0.216983
0.228344671,-0.216009
0.228458050,-0.215026
0.228571429,-0.214035
0.228684807,-0.213034
0.228798186,-0.212026
0.228911565,-0.211010
0.229024943,-0.209986
0.229138322,-0.208956
0.229251701,-0.207918
0.229365079,-0.206873
0.229478458,-0.205823
0.229591837,-0.204766
0.229705215,-0.203701
0.229818594,-0.202632
0.229931973,-0.201558
0.230045351,-0.200478
0.230158730,-0.199393
0.230272109,-0.198303
0.230385488,-0.197211
0.230498866,-0.196113
0.230612245,-0.195011
0.230725624,-0.193906
0.230839002,-0.192797
0.230952381,-0.191687
0.231065760,-0.190571
0.231179138,-0.189456
0.231292517,-0.188336
0.231405896,-0.187215
0.231519274,-0.186091
0.231632653,-0.184966
0.231746032,-0.183840
0.231859410,-0.182712
0.231972789,-0.181583
0.232086168,-0.180454
0.232199546,-0.179322
0.232312925,-0.178192
0.232426304,-0.177060
0.232539683,-0.175929
0.232653061,-0.174797
0.232766440,-0.173667
0.232879819,-0.172536
0.232993197,-0.171406
0.233106576,-0.170276
0.233219955,-0.169146
0.233333333,-0.168018
0.233446712,-0.166892
0.233560091,-0.165767
0.233673469,-0.164643
0.233786848,-0.163522
0.233900227,-0.162401
0.234013605,-0.161283
0.234126984,-0.160167
0.234240363,-0.159055
0.234353741,-0.157945
0.234467120,-0.156836
0.234580499,-0.155731
0.234693878,-0.154632
0.234807256,-0.153534
0.234920635,-0.152438
0.235034014,-0.151349
0.235147392,-0.150261
0.235260771,-0.149178
0.235374150,-0.148099
0.235487528,-0.147026
0.235600907,-0.145957
0.235714286,-0.144892
0.235827664,-0.143832
0.235941043,-0.142778
0.236054422,-0.141728
0.236167800,-0.140683
0.236281179,-0.139646
0.236394558,-0.138612
0.236507937,-0.137585
0.236621315,-0.136561
0.236734694,-0.135545
0.236848073,-0.134536
0.236961451,-0.133530
0.237074830,-0.132531
0.237188209,-0.131538
0.237301587,-0.130552
0.237414966,-0.129571
0.237528345,-0.128596
0.237641723,-0.127627
0.237755102,-0.126664
0.237868481,-0.125706
0.237981859,-0.124755
0.238095238,-0.123810
0.238208617,-0.122870
0.238321995,-0.121935
0.238435374,-0.121007
0.238548753,-0.120085
0.238662132,-0.119168
0.238775510,-0.118256
0.238888889,-0.117352
0.239002268,-0.116451
0.239115646,-0.115557
0.239229025,-0.114666
0.239342404,-0.113783
0.239455782,-0.112905
0.239569161,-0.112032
0.239682540,-0.111167
0.239795918,-0.110305
0.239909297,-0.109448
0.240022676,-0.108598
0.240136054,-0.107752
0.240249433,-0.106913
0.240362812,-0.106080
0.240476190,-0.105249
0.240589569,-0.104426
0.240702948,-0.103609
0.240816327,-0.102798
0.240929705,-0.101991
0.241043084,-0.101191
0.241156463,-0.100395
0.241269841,-0.099605
0.241383220,-0.098821
0.241496599,-0.098042
0.241609977,-0.097269
0.241723356,-0.096501
0.241836735,-0.095736
0.241950113,-0.094979
0.242063492,-0.094227
0.242176871,-0.093478
0.242290249,-0.092737
0.242403628,-0.091999
0.242517007,-0.091266
0.242630385,-0.090537
0.242743764,-0.089814
0.242857143,-0.089095
0.242970522,-0.088380
0.243083900,-0.087669
0.243197279,-0.086963
0.243310658,-0.086262
0.243424036,-0.085563
0.243537415,-0.084870
0.243650794,-0.084180
0.243764172,-0.083493
0.243877551,-0.082810
0.243990930,-0.082133
0.244104308,-0.081457
0.244217687,-0.080785
0.244331066,-0.080116
0.244444444,-0.079449
0.244557823,-0.078787
0.244671202,-0.078127
0.244784580,-0.077471
0.244897959,-0.076816
0.245011338,-0.076165
0.245124717,-0.075518
0.245238095,-0.074872
0.245351474,-0.074230
0.245464853,-0.073588
0.245578231,-0.072951
0.245691610,-0.072314
0.245804989,-0.071681
0.245918367,-0.071051
0.246031746,-0.070422
0.246145125,-0.069795
0.246258503,-0.069171
0.246371882,-0.068548
0.246485261,-0.067929
0.246598639,-0.067312
0.246712018,-0.066695
0.246825397,-0.066081
0.246938776,-0.065471
0.247052154,-0.064860
0.247165533,-0.064252
0.247278912,-0.063647
0.247392290,-0.063042
0.247505669,-0.062439
0.247619048,-0.061839
0.247732426,-0.061240
0.247845805,-0.060642
0.247959184,-0.060046
0.248072562,-0.059452
0.248185941,-0.058859
0.248299320,-0.058267
0.248412698,-0.057676
0.248526077,-0.057085
0.248639456,-0.056496
0.248752834,-0.055909
0.248866213,-0.055322
0.248979592,-0.054735
0.249092971,-0.054149
0.249206349,-0.053564
0.249319728,-0.052980
0.249433107,-0.052397
0.249546485,-0.051813
0.249659864,-0.051231
0.249773243,-0.050650
0.249886621,-0.050068
0.250000000,-0.049486
0.250113379,-0.048904
0.250226757,-0.048324
0.250340136,-0.047742
0.250453515,-0.047162
0.250566893,-0.046582
0.250680272,-0.046004
0.250793651,-0.045424
0.250907029,-0.044845
0.251020408,-0.044269
0.251133787,-0.043691
0.251247166,-0.043116
0.251360544,-0.042539
0.251473923,-0.041966
0.251587302,-0.041393
0.251700680,-0.040822
0.251814059,-0.040253
0.251927438,-0.039685
0.252040816,-0.039117
0.252154195,-0.038553
0.252267574,-0.037991
0.252380952,-0.037432
0.252494331,-0.036873
0.252607710,-0.036318
0.252721088,-0.035765
0.252834467,-0.035215
0.252947846,-0.034667
0.253061224,-0.034122
0.253174603,-0.033581
0.253287982,-0.033042
0.253401361,-0.032508
0.253514739,-0.031976
0.253628118,-0.031447
0.253741497,-0.030920
0.253854875,-0.030398
0.253968254,-0.029880
0.254081633,-0.029366
0.254195011,-0.028855
0.254308390,-0.028348
0.254421769,-0.027844
0.254535147,-0.027344
0.254648526,-0.026849
0.254761905,-0.026355
0.254875283,-0.025868
0.254988662,-0.025385
0.255102041,-0.024904
0.255215420,-0.024429
0.255328798,-0.023957
0.255442177,-0.023490
0.255555556,-0.023027
0.255668934,-0.022568
0.255782313,-0.022114
0.255895692,-0.021665
0.256009070,-0.021219
0.256122449,-0.020781
0.256235828,-0.020345
0.256349206,-0.019915
0.256462585,-0.019489
0.256575964,-0.019071
0.256689342,-0.018656
0.256802721,-0.018247
0.256916100,-0.017843
0.257029478,-0.017445
0.257142857,-0.017053
0.257256236,-0.016668
0.257369615,-0.016289
0.257482993,-0.015914
0.257596372,-0.015547
0.257709751,-0.015187
0.257823129,-0.014832
0.257936508,-0.014484
0.258049887,-0.014141
0.258163265,-0.013808
0.258276644,-0.013479
0.258390023,-0.013158
0.258503401,-0.012844
0.258616780,-0.012537
0.258730159,-0.012237
0.258843537,-0.011944
0.258956916,-0.011658
0.259070295,-0.011380
0.259183673,-0.011108
0.259297052,-0.010845
0.259410431,-0.010588
0.259523810,-0.010338
0.259637188,-0.010094
0.259750567,-0.009858
0.259863946,-0.009629
0.259977324,-0.009409
0.260090703,-0.009194
0.260204082,-0.008986
0.260317460,-0.008784
0.260430839,-0.008590
0.260544218,-0.008404
0.260657596,-0.008223
0.260770975,-0.008048
0.260884354,-0.007880
0.260997732,-0.007718
0.261111111,-0.007563
0.261224490,-0.007414
0.261337868,-0.007272
0.261451247,-0.007135
0.261564626,-0.007003
0.261678005,-0.006879
0.261791383,-0.006758
0.261904762,-0.006644
0.262018141,-0.006537
0.262131519,-0.006434
0.262244898,-0.006336
0.262358277,-0.006244
0.262471655,-0.006157
0.262585034,-0.006075
0.262698413,-0.005998
0.262811791,-0.005925
0.262925170,-0.005857
0.263038549,-0.005795
0.263151927,-0.005736
0.263265306,-0.005682
0.263378685,-0.005632
0.263492063,-0.005588
0.263605442,-0.005546
0.263718821,-0.005509
0.263832200,-0.005475
0.263945578,-0.005446
0.264058957,-0.005419
0.264172336,-0.005397
0.264285714,-0.005377
0.264399093,-0.005361
0.264512472,-0.005348
0.264625850,-0.005339
0.264739229,-0.005332
0.264852608,-0.005326
0.264965986,-0.005324
0.265079365,-0.005323
0.265192744,-0.005326
0.265306122,-0.005329
0.265419501,-0.005336
0.265532880,-0.005343
0.265646259,-0.005353
0.265759637,-0.005363
0.265873016,-0.005375
0.265986395,-0.005387
0.266099773,-0.005401
0.266213152,-0.005417
0.266326531,-0.005430
0.266439909,-0.005446
0.266553288,-0.005463
0.266666667,-0.005479
0.266780045,-0.005494
0.266893424,-0.005510
0.267006803,-0.005527
0.267120181,-0.005541
0.267233560,-0.005556
0.267346939,-0.005570
0.267460317,-0.005584
0.267573696,-0.005598
0.267687075,-0.005610
0.267800454,-0.005620
0.267913832,-0.005630
0.268027211,-0.005638
0.268140590,-0.005647
0.268253968,-0.005652
0.268367347,-0.005658
0.268480726,-0.005661
0.268594104,-0.005665
0.268707483,-0.005666
0.268820862,-0.005665
0.268934240,-0.005663
0.269047619,-0.005661
0.269160998,-0.005657
0.269274376,-0.005651
0.269387755,-0.005644
0.269501134,-0.005634
0.269614512,-0.005625
0.269727891,-0.005612
0.269841270,-0.005599
0.269954649,-0.005585
0.270068027,-0.005568
0.270181406,-0.005548
0.270294785,-0.005528
0.270408163,-0.005506
0.270521542,-0.005481
0.270634921,-0.005456
0.270748299,-0.005427
0.270861678,-0.005396
0.270975057,-0.005364
0.271088435,-0.005330
0.271201814,-0.005292
0.271315193,-0.005253
0.271428571,-0.005210
0.271541950,-0.005165
0.271655329,-0.005118
0.271768707,-0.005068
0.271882086,-0.005014
0.271995465,-0.004959
0.272108844,-0.004900
0.272222222,-0.004839
0.272335601,-0.004775
0.272448980,-0.004709
0.272562358,-0.004639
0.272675737,-0.004566
0.272789116,-0.004491
0.272902494,-0.004412
0.273015873,-0.004332
0.273129252,-0.004248
0.273242630,-0.004162
0.273356009,-0.004073
0.273469388,-0.003982
0.273582766,-0.003890
0.273696145,-0.003793
0.273809524,-0.003695
0.273922902,-0.003595
0.274036281,-0.003494
0.274149660,-0.003390
0.274263039,-0.003285
0.274376417,-0.003178
0.274489796,-0.003070
0.274603175,-0.002959
0.274716553,-0.002847
0.274829932,-0.002733
0.274943311,-0.002619
0.275056689,-0.002503
0.275170068,-0.002386
0.275283447,-0.002266
0.275396825,-0.002147
0.275510204,-0.002026
0.275623583,-0.001903
0.275736961,-0.001780
0.275850340,-0.001655
0.275963719,-0.001529
0.276077098,-0.001402
0.276190476,-0.001276
0.276303855,-0.001148
0.276417234,-0.001018
0.276530612,-0.000888
0.276643991,-0.000757
0.276757370,-0.000626
0.276870748,-0.000492
0.276984127,-0.000359
0.277097506,-0.000225
0.277210884,-0.000090
0.277324263,0.000048
0.277437642,0.000185
0.277551020,0.000322
0.277664399,0.000461
0.277777778,0.000601
0.277891156,0.000742
0.278004535,0.000883
0.278117914,0.001025
0.278231293,0.001169
0.278344671,0.001314
0.278458050,0.001460
0.278571429,0.001606
0.278684807,0.001754
0.278798186,0.001903
0.278911565,0.002053
0.279024943,0.002202
0.279138322,0.002354
0.279251701,0.002507
0.279365079,0.002660
0.279478458,0.002815
0.279591837,0.002970
0.279705215,0.003126
0.279818594,0.003283
0.279931973,0.003442
0.280045351,0.003600
0.280158730,0.003759
0.280272109,0.003919
0.280385488,0.004081
0.280498866,0.004243
0.280612245,0.004407
0.280725624,0.004570
0.280839002,0.004734
0.280952381,0.004900
0.281065760,0.005067
0.281179138,0.005235
0.281292517,0.005402
0.281405896,0.005573
0.281519274,0.005744
0.281632653,0.005915
0.281746032,0.006089
0.281859410,0.006264
0.281972789,0.006440
0.282086168,0.006620
0.282199546,0.006800
0.282312925,0.006981
0.282426304,0.007165
0.282539683,0.007351
0.282653061,0.007538
0.282766440,0.007729
0.282879819,0.007923
0.282993197,0.008117
0.283106576,0.008314
0.283219955,0.008516
0.283333333,0.008718
0.283446712,0.008925
0.283560091,0.009133
0.283673469,0.009345
0.283786848,0.009560
0.283900227,0.009777
0.284013605,0.010000
0.284126984,0.010224
0.284240363,0.010452
0.284353741,0.010683
0.284467120,0.010916
0.284580499,0.011154
0.284693878,0.011396
0.284807256,0.011642
0.284920635,0.011891
0.285034014,0.012142
0.285147392,0.012398
0.285260771,0.012657
0.285374150,0.012921
0.285487528,0.013187
0.285600907,0.013458
0.285714286,0.013732
0.285827664,0.014011
0.285941043,0.014292
0.286054422,0.014578
0.286167800,0.014868
0.286281179,0.015161
0.286394558,0.015460
0.286507937,0.015762
0.286621315,0.016068
0.286734694,0.016378
0.286848073,0.016694
0.286961451,0.017012
0.287074830,0.017336
0.287188209,0.017665
0.287301587,0.017999
0.287414966,0.018337
0.287528345,0.018680
0.287641723,0.019028
0.287755102,0.019380
0.287868481,0.019739
0.287981859,0.020104
0.288095238,0.020472
0.288208617,0.020847
0.288321995,0.021227
0.288435374,0.021614
0.288548753,0.022005
0.288662132,0.022403
0.288775510,0.022807
0.288888889,0.023217
0.289002268,0.023635
0.289115646,0.024058
0.289229025,0.024486
0.289342404,0.024921
0.289455782,0.025364
0.289569161,0.025813
0.289682540,0.026270
0.289795918,0.026732
0.289909297,0.027201
0.290022676,0.027677
0.290136054,0.028159
0.290249433,0.028649
0.290362812,0.029145
0.290476190,0.029646
0.290589569,0.030155
0.290702948,0.030672
0.290816327,0.031195
0.290929705,0.031724
0.291043084,0.032259
0.291156463,0.032800
0.291269841,0.033349
0.291383220,0.033905
0.291496599,0.034466
0.291609977,0.035035
0.291723356,0.035610
0.291836735,0.036191
0.291950113,0.036779
0.292063492,0.037372
0.292176871,0.037973
0.292290249,0.038580
0.292403628,0.039193
0.292517007,0.039813
0.292630385,0.040440
0.292743764,0.041072
0.292857143,0.041709
0.292970522,0.042354
0.293083900,0.043006
0.293197279,0.043663
0.293310658,0.044327
0.293424036,0.044997
0.293537415,0.045673
0.293650794,0.046355
0.293764172,0.047044
0.293877551,0.047738
0.293990930,0.048440
0.294104308,0.049147
0.294217687,0.049861
0.294331066,0.050580
0.294444444,0.051304
0.294557823,0.052036
0.294671202,0.052773
0.294784580,0.053515
0.294897959,0.054264
0.295011338,0.055019
0.295124717,0.055779
0.295238095,0.056544
0.295351474,0.057317
0.295464853,0.058093
0.295578231,0.058874
0.295691610,0.059659
0.295804989,0.060451
0.295918367,0.061246
0.296031746,0.062045
0.296145125,0.062850
0.296258503,0.063658
0.296371882,0.064469
0.296485261,0.065286
0.296598639,0.066104
0.296712018,0.066928
0.296825397,0.067754
0.296938776,0.068581
0.297052154,0.069414
0.297165533,0.070249
0.297278912,0.071085
0.297392290,0.071925
0.297505669,0.072767
0.297619048,0.073612
0.297732426,0.074457
0.297845805,0.075306
0.297959184,0.076156
0.298072562,0.077007
0.298185941,0.077861
0.298299320,0.078715
0.298412698,0.079573
0.298526077,0.080430
0.298639456,0.081288
0.298752834,0.082149
0.298866213,0.083009
0.298979592,0.083872
0.299092971,0.084735
0.299206349,0.085598
0.299319728,0.086461
0.299433107,0.087326
0.299546485,0.088190
0.299659864,0.089055
0.299773243,0.089920
0.299886621,0.090785
0.300000000,0.091651
0.300113379,0.092514
0.300226757,0.093379
0.300340136,0.094244
0.300453515,0.095107
0.300566893,0.095968
0.300680272,0.096832
0.300793651,0.097691
0.300907029,0.098551
0.301020408,0.099408
0.301133787,0.100264
0.301247166,0.101120
0.301360544,0.101973
0.301473923,0.102824
0.301587302,0.103673
0.301700680,0.104520
0.301814059,0.105365
0.301927438,0.106207
0.302040816,0.107047
0.302154195,0.107884
0.302267574,0.108718
0.302380952,0.109552
0.302494331,0.110379
0.302607710,0.111205
0.302721088,0.112028
0.302834467,0.112848
0.302947846,0.113665
0.303061224,0.114479
0.303174603,0.115289
0.303287982,0.116095
0.303401361,0.116898
0.303514739,0.117700
0.303628118,0.118495
0.303741497,0.119289
0.303854875,0.120080
0.303968254,0.120867
0.304081633,0.121651
0.304195011,0.122432
0.304308390,0.123209
0.304421769,0.123983
0.304535147,0.124756
0.304648526,0.125526
0.304761905,0.126291
0.304875283,0.127054
0.304988662,0.127816
0.305102041,0.128573
0.305215420,0.129328
0.305328798,0.130081
0.305442177,0.130831
0.305555556,0.131579
0.305668934,0.132326
0.305782313,0.133068
0.305895692,0.133809
0.306009070,0.134549
0.306122449,0.135286
0.306235828,0.136022
0.306349206,0.136754
0.306462585,0.137485
0.306575964,0.138215
0.306689342,0.138942
0.306802721,0.139667
0.306916100,0.140390
0.307029478,0.141110
0.307142857,0.141830
0.307256236,0.142548
0.307369615,0.143263
0.307482993,0.143975
0.307596372,0.144686
0.307709751,0.145396
0.307823129,0.146103
0.307936508,0.146809
0.308049887,0.147511
0.308163265,0.148211
0.308276644,0.148912
0.308390023,0.149608
0.308503401,0.150304
0.308616780,0.150995
0.308730159,0.151687
0.308843537,0.152376
0.308956916,0.153064
0.309070295,0.153749
0.309183673,0.154433
0.309297052,0.155114
0.309410431,0.155795
0.309523810,0.156473
0.309637188,0.157150
0.309750567,0.157826
0.309863946,0.158498
0.309977324,0.159170
0.310090703,0.159842
0.310204082,0.160511
0.310317460,0.161179
0.310430839,0.161846
0.310544218,0.162513
0.310657596,0.163176
0.310770975,0.163840
0.310884354,0.164503
0.310997732,0.165164
0.311111111,0.165824
0.311224490,0.166482
0.311337868,0.167140
0.311451247,0.167796
0.311564626,0.168451
0.311678005,0.169105
0.311791383,0.169758
0.311904762,0.170409
0.312018141,0.171060
0.312131519,0.171709
0.312244898,0.172355
0.312358277,0.173001
0.312471655,0.173645
0.312585034,0.174287
0.312698413,0.174927
0.312811791,0.175566
0.312925170,0.176201
0.313038549,0.176834
0.313151927,0.177466
0.313265306,0.178094
0.313378685,0.178720
0.313492063,0.179342
0.313605442,0.179962
0.313718821,0.180579
0.313832200,0.181193
0.313945578,0.181803
0.314058957,0.182412
0.314172336,0.183017
0.314285714,0.183616
0.314399093,0.184214
0.314512472,0.184809
0.314625850,0.185398
0.314739229,0.185985
0.314852608,0.186569
0.314965986,0.187147
0.315079365,0.187722
0.315192744,0.188294
0.315306122,0.188862
0.315419501,0.189424
0.315532880,0.189985
0.315646259,0.190538
0.315759637,0.191090
0.315873016,0.191637
0.315986395,0.192178
0.316099773,0.192718
0.316213152,0.193250
0.316326531,0.193779
0.316439909,0.194303
0.316553288,0.194823
0.316666667,0.195338
0.316780045,0.195847
0.316893424,0.196351
0.317006803,0.196852
0.317120181,0.197345
0.317233560,0.197835
0.317346939,0.198320
0.317460317,0.198799
0.317573696,0.199271
0.317687075,0.199740
0.317800454,0.200202
0.317913832,0.200658
0.318027211,0.201107
0.318140590,0.201551
0.318253968,0.201990
0.318367347,0.202421
0.318480726,0.202846
0.318594104,0.203265
0.318707483,0.203677
0.318820862,0.204082
0.318934240,0.204480
0.319047619,0.204871
0.319160998,0.205254
0.319274376,0.205633
0.319387755,0.206001
0.319501134,0.206363
0.319614512,0.206718
0.319727891,0.207065
0.319841270,0.207404
0.319954649,0.207735
0.320068027,0.208058
0.320181406,0.208373
0.320294785,0.208681
0.320408163,0.208979
0.320521542,0.209269
0.320634921,0.209552
0.320748299,0.209824
0.320861678,0.210089
0.320975057,0.210345
0.321088435,0.210593
0.321201814,0.210831
0.321315193,0.211061
0.321428571,0.211282
0.321541950,0.211493
0.321655329,0.211696
0.321768707,0.211889
0.321882086,0.212074
0.321995465,0.212249
0.322108844,0.212415
0.322222222,0.212570
0.322335601,0.212718
0.322448980,0.212856
0.322562358,0.212983
0.322675737,0.213101
0.322789116,0.213210
0.322902494,0.213310
0.323015873,0.213400
0.323129252,0.213479
0.323242630,0.213549
0.323356009,0.213609
0.323469388,0.213659
0.323582766,0.213701
0.323696145,0.213732
0.323809524,0.213753
0.323922902,0.213765
0.324036281,0.213766
0.324149660,0.213756
0.324263039,0.213738
0.324376417,0.213711
0.324489796,0.213671
0.324603175,0.213624
0.324716553,0.213565
0.324829932,0.213497
0.324943311,0.213419
0.325056689,0.213331
0.325170068,0.213233
0.325283447,0.213126
0.325396825,0.213010
0.325510204,0.212884
0.325623583,0.212747
0.325736961,0.212603
0.325850340,0.212448
0.325963719,0.212284
0.326077098,0.212112
0.326190476,0.211930
0.326303855,0.211740
0.326417234,0.211541
0.326530612,0.211333
0.326643991,0.211120
0.326757370,0.210896
0.326870748,0.210665
0.326984127,0.210427
0.327097506,0.210182
0.327210884,0.209930
0.327324263,0.209670
0.327437642,0.209402
0.327551020,0.209131
0.327664399,0.208850
0.327777778,0.208564
0.327891156,0.208273
0.328004535,0.207977
0.328117914,0.207673
0.328231293,0.207364
0.328344671,0.207050
0.328458050,0.206731
0.328571429,0.206408
0.328684807,0.206077
0.328798186,0.205746
0.328911565,0.205407
0.329024943,0.205064
0.329138322,0.204718
0.329251701,0.204367
0.329365079,0.204012
0.329478458,0.203652
0.329591837,0.203290
0.329705215,0.202922
0.329818594,0.202553
0.329931973,0.202179
0.330045351,0.201801
0.330158730,0.201422
0.330272109,0.201037
0.330385488,0.200650
0.330498866,0.200260
0.330612245,0.199868
0.330725624,0.199472
0.330839002,0.199073
0.330952381,0.198672
0.331065760,0.198268
0.331179138,0.197862
0.331292517,0.197454
0.331405896,0.197044
0.331519274,0.196631
0.331632653,0.196217
0.331746032,0.195802
0.331859410,0.195386
0.331972789,0.194967
0.332086168,0.194547
0.332199546,0.194127
0.332312925,0.193706
0.332426304,0.193283
0.332539683,0.192861
0.332653061,0.192437
0.332766440,0.192013
0.332879819,0.191589
0.332993197,0.191165
0.333106576,0.190740
0.333219955,0.190316
0.333333333,0.189891
0.333446712,0.189467
0.333560091,0.189041
0.333673469,0.188618
0.333786848,0.188194
0.333900227,0.187770
0.334013605,0.187348
0.334126984,0.186925
0.334240363,0.186503
0.334353741,0.186079
0.334467120,0.185657
0.334580499,0.185235
0.334693878,0.184815
0.334807256,0.184393
0.334920635,0.183971
0.335034014,0.183551
0.335147392,0.183129
0.335260771,0.182707
0.335374150,0.182287
0.335487528,0.181866
0.335600907,0.181444
0.335714286,0.181022
0.335827664,0.180600
0.335941043,0.180178
0.336054422,0.179755
0.336167800,0.179333
0.336281179,0.178909
0.336394558,0.178484
0.336507937,0.178061
0.336621315,0.177635
0.336734694,0.177208
0.336848073,0.176783
0.336961451,0.176354
0.337074830,0.175927
0.337188209,0.175496
0.337301587,0.175068
0.337414966,0.174635
0.337528345,0.174205
0.337641723,0.173771
0.337755102,0.173337
0.337868481,0.172901
0.337981859,0.172463
0.338095238,0.172025
0.338208617,0.171586
0.338321995,0.171145
0.338435374,0.170704
0.338548753,0.170261
0.338662132,0.169814
0.338775510,0.169368
0.338888889,0.168920
0.339002268,0.168470
0.339115646,0.168018
0.339229025,0.167566
0.339342404,0.167111
0.339455782,0.166654
0.339569161,0.166193
0.339682540,0.165733
0.339795918,0.165269
0.339909297,0.164805
0.340022676,0.164335
0.340136054,0.163866
0.340249433,0.163393
0.340362812,0.162918
0.340476190,0.162440
0.340589569,0.161960
0.340702948,0.161478
0.340816327,0.160991
0.340929705,0.160502
0.341043084,0.160012
0.341156463,0.159516
0.341269841,0.159018
0.341383220,0.158517
0.341496599,0.158014
0.341609977,0.157506
0.341723356,0.156994
0.341836735,0.156480
0.341950113,0.155961
0.342063492,0.155441
0.342176871,0.154915
0.342290249,0.154387
0.342403628,0.153854
0.342517007,0.153317
0.342630385,0.152777
0.342743764,0.152233
0.342857143,0.151684
0.342970522,0.151132
0.343083900,0.150578
0.343197279,0.150016
0.343310658,0.149453
0.343424036,0.148886
0.343537415,0.148314
0.343650794,0.147739
0.343764172,0.147160
0.343877551,0.146577
0.343990930,0.145989
0.344104308,0.145400
0.344217687,0.144805
0.344331066,0.144206
0.344444444,0.143606
0.344557823,0.143000
0.344671202,0.142391
0.344784580,0.141778
0.344897959,0.141162
0.345011338,0.140542
0.345124717,0.139919
0.345238095,0.139292
0.345351474,0.138662
0.345464853,0.138028
0.345578231,0.137389
0.345691610,0.136748
0.345804989,0.136101
0.345918367,0.135451
0.346031746,0.134798
0.346145125,0.134141
0.346258503,0.133481
0.346371882,0.132817
0.346485261,0.132147
0.346598639,0.131475
0.346712018,0.130798
0.346825397,0.130118
0.346938776,0.129433
0.347052154,0.128746
0.347165533,0.128054
0.347278912,0.127358
0.347392290,0.126658
0.347505669,0.125954
0.347619048,0.125247
0.347732426,0.124537
0.347845805,0.123822
0.347959184,0.123105
0.348072562,0.122384
0.348185941,0.121660
0.348299320,0.120934
0.348412698,0.120205
0.348526077,0.119472
0.348639456,0.118737
0.348752834,0.118000
0.348866213,0.117260
0.348979592,0.116519
0.349092971,0.115775
0.349206349,0.115030
0.349319728,0.114284
0.349433107,0.113535
0.349546485,0.112785
0.349659864,0.112034
0.349773243,0.111282
0.349886621,0.110529
0.350000000,0.109775
0.350113379,0.109021
0.350226757,0.108265
0.350340136,0.107511
0.350453515,0.106755
0.350566893,0.105999
0.350680272,0.105243
0.350793651,0.104487
0.350907029,0.103731
0.351020408,0.102975
0.351133787,0.102219
0.351247166,0.101465
0.351360544,0.100709
0.351473923,0.099955
0.351587302,0.099201
0.351700680,0.098447
0.351814059,0.097695
0.351927438,0.096942
0.352040816,0.096190
0.352154195,0.095440
0.352267574,0.094689
0.352380952,0.093940
0.352494331,0.093190
0.352607710,0.092443
0.352721088,0.091696
0.352834467,0.090949
0.352947846,0.090204
0.353061224,0.089461
0.353174603,0.088717
0.353287982,0.087976
0.353401361,0.087236
0.353514739,0.086496
0.353628118,0.085760
0.353741497,0.085024
0.353854875,0.084291
0.353968254,0.083558
0.354081633,0.082829
0.354195011,0.082100
0.354308390,0.081375
0.354421769,0.080651
0.354535147,0.079931
0.354648526,0.079210
0.354761905,0.078494
0.354875283,0.077781
0.354988662,0.077067
0.355102041,0.076358
0.355215420,0.075652
0.355328798,0.074948
0.355442177,0.074247
0.355555556,0.073548
0.355668934,0.072853
0.355782313,0.072159
0.355895692,0.071471
0.356009070,0.070783
0.356122449,0.070100
0.356235828,0.069419
0.356349206,0.068741
0.356462585,0.068065
0.356575964,0.067395
0.356689342,0.066726
0.356802721,0.066059
0.356916100,0.065398
0.357029478,0.064738
0.357142857,0.064082
0.357256236,0.063427
0.357369615,0.062776
0.357482993,0.062129
0.357596372,0.061483
0.357709751,0.060839
0.357823129,0.060199
0.357936508,0.059562
0.358049887,0.058928
0.358163265,0.058294
0.358276644,0.057665
0.358390023,0.057035
0.358503401,0.056409
0.358616780,0.055785
0.358730159,0.055164
0.358843537,0.054543
0.358956916,0.053926
0.359070295,0.053311
0.359183673,0.052697
0.359297052,0.052084
0.359410431,0.051474
0.359523810,0.050866
0.359637188,0.050259
0.359750567,0.049653
0.359863946,0.049050
0.359977324,0.048447
0.360090703,0.047847
0.360204082,0.047248
0.360317460,0.046649
0.360430839,0.046053
0.360544218,0.045457
0.360657596,0.044863
0.360770975,0.044271
0.360884354,0.043680
0.360997732,0.043090
0.361111111,0.042501
0.361224490,0.041913
0.361337868,0.041326
0.361451247,0.040741
0.361564626,0.040156
0.361678005,0.039572
0.361791383,0.038989
0.361904762,0.038407
0.362018141,0.037828
0.362131519,0.037246
0.362244898,0.036666
0.362358277,0.036088
0.362471655,0.035509
0.362585034,0.034931
0.362698413,0.034353
0.362811791,0.033775
0.362925170,0.033195
0.363038549,0.032617
0.363151927,0.032039
0.363265306,0.031460
0.363378685,0.030880
0.363492063,0.030300
0.363605442,0.029721
0.363718821,0.029139
0.363832200,0.028558
0.363945578,0.027976
0.364058957,0.027393
0.364172336,0.026810
0.364285714,0.026225
0.364399093,0.025640
0.364512472,0.025053
0.364625850,0.024467
0.364739229,0.023878
0.364852608,0.023288
0.364965986,0.022698
0.365079365,0.022108
0.365192744,0.021516
0.365306122,0.020924
0.365419501,0.020330
0.365532880,0.019736
0.365646259,0.019141
0.365759637,0.018545
0.365873016,0.017948
0.365986395,0.017352
0.366099773,0.016755
0.366213152,0.016158
0.366326531,0.015559
0.366439909,0.014962
0.366553288,0.014363
0.366666667,0.013765
0.366780045,0.013166
0.366893424,0.012567
0.367006803,0.011968
0.367120181,0.011371
0.367233560,0.010772
0.367346939,0.010173
0.367460317,0.009574
0.367573696,0.008977
0.367687075,0.008378
0.367800454,0.007779
0.367913832,0.007182
0.368027211,0.006585
0.368140590,0.005986
0.368253968,0.005389
0.368367347,0.004790
0.368480726,0.004193
0.368594104,0.003596
0.368707483,0.002998
0.368820862,0.002401
0.368934240,0.001804
0.369047619,0.001207
0.369160998,0.000610
0.369274376,0.000013
0.369387755,-0.000582
0.369501134,-0.001178
0.369614512,-0.001773
0.369727891,-0.002368
0.369841270,-0.002962
0.369954649,-0.003555
0.370068027,-0.004149
0.370181406,-0.004741
0.370294785,-0.005331
0.370408163,-0.005921
0.370521542,-0.006511
0.370634921,-0.007097
0.370748299,-0.007683
0.370861678,-0.008270
0.370975057,-0.008853
0.371088435,-0.009435
0.371201814,-0.010016
0.371315193,-0.010594
0.371428571,-0.011171
0.371541950,-0.011747
0.371655329,-0.012319
0.371768707,-0.012890
0.371882086,-0.013458
0.371995465,-0.014023
0.372108844,-0.014587
0.372222222,-0.015146
0.372335601,-0.015704
0.372448980,-0.016259
0.372562358,-0.016810
0.372675737,-0.017357
0.372789116,-0.017902
0.372902494,-0.018443
0.373015873,-0.018979
0.373129252,-0.019514
0.373242630,-0.020044
0.373356009,-0.020570
0.373469388,-0.021092
0.373582766,-0.021611
0.373696145,-0.022124
0.373809524,-0.022635
0.373922902,-0.023141
0.374036281,-0.023642
0.374149660,-0.024140
0.374263039,-0.024634
0.374376417,-0.025122
0.374489796,-0.025608
0.374603175,-0.026087
0.374716553,-0.026564
0.374829932,-0.027035
0.374943311,-0.027502
0.375056689,-0.027964
0.375170068,-0.028421
0.375283447,-0.028874
0.375396825,-0.029324
0.375510204,-0.029768
0.375623583,-0.030207
0.375736961,-0.030641
0.375850340,-0.031071
0.375963719,-0.031496
0.376077098,-0.031917
0.376190476,-0.032333
0.376303855,-0.032742
0.376417234,-0.033149
0.376530612,-0.033549
0.376643991,-0.033944
0.376757370,-0.034333
0.376870748,-0.034719
0.376984127,-0.035097
0.377097506,-0.035471
0.377210884,-0.035841
0.377324263,-0.036203
0.377437642,-0.036561
0.377551020,-0.036913
0.377664399,-0.037260
0.377777778,-0.037601
0.377891156,-0.037935
0.378004535,-0.038266
0.378117914,-0.038590
0.378231293,-0.038910
0.378344671,-0.039223
0.378458050,-0.039531
0.378571429,-0.039833
0.378684807,-0.040130
0.378798186,-0.040422
0.378911565,-0.040710
0.379024943,-0.040991
0.379138322,-0.041269
0.379251701,-0.041541
0.379365079,-0.041809
0.379478458,-0.042073
0.379591837,-0.042331
0.379705215,-0.042585
0.379818594,-0.042834
0.379931973,-0.043080
0.380045351,-0.043322
0.380158730,-0.043559
0.380272109,-0.043794
0.380385488,-0.044023
0.380498866,-0.044249
0.380612245,-0.044472
0.380725624,-0.044691
0.380839002,-0.044908
0.380952381,-0.045120
0.381065760,-0.045328
0.381179138,-0.045535
0.381292517,-0.045738
0.381405896,-0.045939
0.381519274,-0.046137
0.381632653,-0.046331
0.381746032,-0.046523
0.381859410,-0.046712
0.381972789,-0.046899
0.382086168,-0.047082
0.382199546,-0.047266
0.382312925,-0.047444
0.382426304,-0.047622
0.382539683,-0.047797
0.382653061,-0.047969
0.382766440,-0.048141
0.382879819,-0.048310
0.382993197,-0.048475
0.383106576,-0.048641
0.383219955,-0.048803
0.383333333,-0.048965
0.383446712,-0.049126
0.383560091,-0.049283
0.383673469,-0.049439
0.383786848,-0.049594
0.383900227,-0.049749
0.384013605,-0.049901
0.384126984,-0.050054
0.384240363,-0.050204
0.384353741,-0.050353
0.384467120,-0.050503
0.384580499,-0.050651
0.384693878,-0.050797
0.384807256,-0.050943
0.384920635,-0.051089
0.385034014,-0.051236
0.385147392,-0.051380
0.385260771,-0.051524
0.385374150,-0.051668
0.385487528,-0.051813
0.385600907,-0.051957
0.385714286,-0.052100
0.385827664,-0.052244
0.385941043,-0.052388
0.386054422,-0.052531
0.386167800,-0.052675
0.386281179,-0.052819
0.386394558,-0.052964
0.386507937,-0.053108
0.386621315,-0.053252
0.386734694,-0.053398
0.386848073,-0.053544
0.386961451,-0.053689
0.387074830,-0.053835
0.387188209,-0.053982
0.387301587,-0.054128
0.387414966,-0.054274
0.387528345,-0.054422
0.387641723,-0.054570
0.387755102,-0.054718
0.387868481,-0.054866
0.387981859,-0.055013
0.388095238,-0.055161
0.388208617,-0.055311
0.388321995,-0.055460
0.388435374,-0.055608
0.388548753,-0.055757
0.388662132,-0.055909
0.388775510,-0.056058
0.388888889,-0.056208
0.389002268,-0.056359
0.389115646,-0.056508
0.389229025,-0.056660
0.389342404,-0.056809
0.389455782,-0.056961
0.389569161,-0.057112
0.389682540,-0.057261
0.389795918,-0.057412
0.389909297,-0.057564
0.390022676,-0.057715
0.390136054,-0.057866
0.390249433,-0.058017
0.390362812,-0.058169
0.390476190,-0.058320
0.390589569,-0.058471
0.390702948,-0.058622
0.390816327,-0.058774
0.390929705,-0.058925
0.391043084,-0.059076
0.391156463,-0.059229
0.391269841,-0.059380
0.391383220,-0.059533
0.391496599,-0.059684
0.391609977,-0.059837
0.391723356,-0.059988
0.391836735,-0.060141
0.391950113,-0.060293
0.392063492,-0.060445
0.392176871,-0.060598
0.392290249,-0.060750
0.392403628,-0.060901
0.392517007,-0.061052
0.392630385,-0.061203
0.392743764,-0.061354
0.392857143,-0.061503
0.392970522,-0.061651
0.393083900,-0.061800
0.393197279,-0.061948
0.393310658,-0.062094
0.393424036,-0.062240
0.393537415,-0.062384
0.393650794,-0.062528
0.393764172,-0.062670
0.393877551,-0.062810
0.393990930,-0.062949
0.394104308,-0.063086
0.394217687,-0.063223
0.394331066,-0.063356
0.394444444,-0.063490
0.394557823,-0.063619
0.394671202,-0.063747
0.394784580,-0.063875
0.394897959,-0.064000
0.395011338,-0.064123
0.395124717,-0.064244
0.395238095,-0.064364
0.395351474,-0.064482
0.395464853,-0.064597
0.395578231,-0.064711
0.395691610,-0.064823
0.395804989,-0.064935
0.395918367,-0.065044
0.396031746,-0.065151
0.396145125,-0.065257
0.396258503,-0.065362
0.396371882,-0.065465
0.396485261,-0.065567
0.396598639,-0.065666
0.396712018,-0.065766
0.396825397,-0.065864
0.396938776,-0.065960
0.397052154,-0.066056
0.397165533,-0.066150
0.397278912,-0.066244
0.397392290,-0.066337
0.397505669,-0.066427
0.397619048,-0.066518
0.397732426,-0.066607
0.397845805,-0.066696
0.397959184,-0.066783
0.398072562,-0.066870
0.398185941,-0.066956
0.398299320,-0.067041
0.398412698,-0.067125
0.398526077,-0.067210
0.398639456,-0.067292
0.398752834,-0.067375
0.398866213,-0.067455
0.398979592,-0.067537
0.399092971,-0.067617
0.399206349,-0.067699
0.399319728,-0.067777
0.399433107,-0.067857
0.399546485,-0.067935
0.399659864,-0.068015
0.399773243,-0.068094
0.399886621,-0.068172
0.400000000,-0.068250
0.400113379,-0.068328
0.400226757,-0.068407
0.400340136,-0.068485
0.400453515,-0.068563
0.400566893,-0.068643
0.400680272,-0.068721
0.400793651,-0.068801
0.400907029,-0.068883
0.401020408,-0.068965
0.401133787,-0.069046
0.401247166,-0.069130
0.401360544,-0.069213
0.401473923,-0.069300
0.401587302,-0.069387
0.401700680,-0.069476
0.401814059,-0.069567
0.401927438,-0.069657
0.402040816,-0.069751
0.402154195,-0.069847
0.402267574,-0.069947
0.402380952,-0.070046
0.402494331,-0.070149
0.402607710,-0.070254
0.402721088,-0.070362
0.402834467,-0.070472
0.402947846,-0.070584
0.403061224,-0.070699
0.403174603,-0.070818
0.403287982,-0.070941
0.403401361,-0.071065
0.403514739,-0.071192
0.403628118,-0.071322
0.403741497,-0.071455
0.403854875,-0.071592
0.403968254,-0.071732
0.404081633,-0.071874
0.404195011,-0.072019
0.404308390,-0.072168
0.404421769,-0.072321
0.404535147,-0.072475
0.404648526,-0.072633
0.404761905,-0.072794
0.404875283,-0.072959
0.404988662,-0.073128
0.405102041,-0.073298
0.405215420,-0.073472
0.405328798,-0.073651
0.405442177,-0.073832
0.405555556,-0.074014
0.405668934,-0.074202
0.405782313,-0.074394
0.405895692,-0.074587
0.406009070,-0.074786
0.406122449,-0.074986
0.406235828,-0.075190
0.406349206,-0.075399
0.406462585,-0.075610
0.406575964,-0.075825
0.406689342,-0.076043
0.406802721,-0.076266
0.406916100,-0.076491
0.407029478,-0.076722
0.407142857,-0.076954
0.407256236,-0.077191
0.407369615,-0.077433
0.407482993,-0.077677
0.407596372,-0.077925
0.407709751,-0.078179
0.407823129,-0.078434
0.407936508,-0.078695
0.408049887,-0.078957
0.408163265,-0.079226
0.408276644,-0.079498
0.408390023,-0.079772
0.408503401,-0.080052
0.408616780,-0.080336
0.408730159,-0.080623
0.408843537,-0.080914
0.408956916,-0.081210
0.409070295,-0.081509
0.409183673,-0.081811
0.409297052,-0.082117
0.409410431,-0.082428
0.409523810,-0.082741
0.409637188,-0.083060
0.409750567,-0.083381
0.409863946,-0.083705
0.409977324,-0.084035
0.410090703,-0.084367
0.410204082,-0.084703
0.410317460,-0.085042
0.410430839,-0.085386
0.410544218,-0.085731
0.410657596,-0.086082
0.410770975,-0.086435
0.410884354,-0.086791
0.410997732,-0.087151
0.411111111,-0.087512
0.411224490,-0.087879
0.411337868,-0.088248
0.411451247,-0.088620
0.411564626,-0.088994
0.411678005,-0.089371
0.411791383,-0.089752
0.411904762,-0.090137
0.412018141,-0.090523
0.412131519,-0.090911
0.412244898,-0.091305
0.412358277,-0.091698
0.412471655,-0.092097
0.412585034,-0.092496
0.412698413,-0.092900
0.412811791,-0.093304
0.412925170,-0.093711
0.413038549,-0.094123
0.413151927,-0.094535
0.413265306,-0.094950
0.413378685,-0.095367
0.413492063,-0.095786
0.413605442,-0.096210
0.413718821,-0.096634
0.413832200,-0.097061
0.413945578,-0.097489
0.414058957,-0.097922
0.414172336,-0.098354
0.414285714,-0.098790
0.414399093,-0.099228
0.414512472,-0.099665
0.414625850,-0.100107
0.414739229,-0.100550
0.414852608,-0.100994
0.414965986,-0.101439
0.415079365,-0.101887
0.415192744,-0.102334
0.415306122,-0.102784
0.415419501,-0.103234
0.415532880,-0.103686
0.415646259,-0.104138
0.415759637,-0.104591
0.415873016,-0.105043
0.415986395,-0.105497
0.416099773,-0.105950
0.416213152,-0.106404
0.416326531,-0.106858
0.416439909,-0.107309
0.416553288,-0.107763
0.416666667,-0.108215
0.416780045,-0.108665
0.416893424,-0.109117
0.417006803,-0.109567
0.417120181,-0.110015
0.417233560,-0.110463
0.417346939,-0.110909
0.417460317,-0.111354
0.417573696,-0.111799
0.417687075,-0.112244
0.417800454,-0.112685
0.417913832,-0.113128
0.418027211,-0.113567
0.418140590,-0.114006
0.418253968,-0.114444
0.418367347,-0.114881
0.418480726,-0.115317
0.418594104,-0.115753
0.418707483,-0.116187
0.418820862,-0.116619
0.418934240,-0.117052
0.419047619,-0.117484
0.419160998,-0.117914
0.419274376,-0.118343
0.419387755,-0.118772
0.419501134,-0.119199
0.419614512,-0.119625
0.419727891,-0.120052
0.419841270,-0.120477
0.419954649,-0.120901
0.420068027,-0.121326
0.420181406,-0.121748
0.420294785,-0.122169
0.420408163,-0.122591
0.420521542,-0.123010
0.420634921,-0.123430
0.420748299,-0.123850
0.420861678,-0.124268
0.420975057,-0.124686
0.421088435,-0.125104
0.421201814,-0.125520
0.421315193,-0.125937
0.421428571,-0.126353
0.421541950,-0.126767
0.421655329,-0.127182
0.421768707,-0.127596
0.421882086,-0.128011
0.421995465,-0.128425
0.422108844,-0.128838
0.422222222,-0.129252
0.422335601,-0.129666
0.422448980,-0.130079
0.422562358,-0.130494
0.422675737,-0.130910
0.422789116,-0.131324
0.422902494,-0.131740
0.423015873,-0.132158
0.423129252,-0.132574
0.423242630,-0.132994
0.423356009,-0.133414
0.423469388,-0.133835
0.423582766,-0.134257
0.423696145,-0.134680
0.423809524,-0.135105
0.423922902,-0.135532
0.424036281,-0.135961
0.424149660,-0.136391
0.424263039,-0.136823
0.424376417,-0.137257
0.424489796,-0.137694
0.424603175,-0.138133
0.424716553,-0.138576
0.424829932,-0.139021
0.424943311,-0.139469
0.425056689,-0.139919
0.425170068,-0.140372
0.425283447,-0.140829
0.425396825,-0.141288
0.425510204,-0.141750
0.425623583,-0.142217
0.425736961,-0.142687
0.425850340,-0.143159
0.425963719,-0.143634
0.426077098,-0.144114
0.426190476,-0.144597
0.426303855,-0.145084
0.426417234,-0.145575
0.426530612,-0.146071
0.426643991,-0.146568
0.426757370,-0.147070
0.426870748,-0.147576
0.426984127,-0.148084
0.427097506,-0.148598
0.427210884,-0.149115
0.427324263,-0.149634
0.427437642,-0.150158
0.427551020,-0.150684
0.427664399,-0.151216
0.427777778,-0.151749
0.427891156,-0.152285
0.428004535,-0.152825
0.428117914,-0.153369
0.428231293,-0.153915
0.428344671,-0.154465
0.428458050,-0.155018
0.428571429,-0.155572
0.428684807,-0.156132
0.428798186,-0.156691
0.428911565,-0.157256
0.429024943,-0.157823
0.429138322,-0.158392
0.429251701,-0.158962
0.429365079,-0.159536
0.429478458,-0.160111
0.429591837,-0.160689
0.429705215,-0.161269
0.429818594,-0.161850
0.429931973,-0.162435
0.430045351,-0.163019
0.430158730,-0.163607
0.430272109,-0.164195
0.430385488,-0.164785
0.430498866,-0.165376
0.430612245,-0.165968
0.430725624,-0.166559
0.430839002,-0.167153
0.430952381,-0.167748
0.431065760,-0.168341
0.431179138,-0.168936
0.431292517,-0.169529
0.431405896,-0.170122
0.431519274,-0.170716
0.431632653,-0.171307
0.431746032,-0.171899
0.431859410,-0.172487
0.431972789,-0.173074
0.432086168,-0.173661
0.432199546,-0.174245
0.432312925,-0.174826
0.432426304,-0.175405
0.432539683,-0.175980
0.432653061,-0.176552
0.432766440,-0.177121
0.432879819,-0.177686
0.432993197,-0.178245
0.433106576,-0.178801
0.433219955,-0.179353
0.433333333,-0.179899
0.433446712,-0.180441
0.433560091,-0.180975
0.433673469,-0.181505
0.433786848,-0.182029
0.433900227,-0.182544
0.434013605,-0.183054
0.434126984,-0.183558
0.434240363,-0.184054
0.434353741,-0.184543
0.434467120,-0.185022
0.434580499,-0.185495
0.434693878,-0.185960
0.434807256,-0.186415
0.434920635,-0.186863
0.435034014,-0.187302
0.435147392,-0.187732
0.435260771,-0.188151
0.435374150,-0.188562
0.435487528,-0.188964
0.435600907,-0.189355
0.435714286,-0.189735
0.435827664,-0.190105
0.435941043,-0.190464
0.436054422,-0.190812
0.436167800,-0.191150
0.436281179,-0.191476
0.436394558,-0.191791
0.436507937,-0.192091
0.436621315,-0.192381
0.436734694,-0.192659
0.436848073,-0.192922
0.436961451,-0.193171
0.437074830,-0.193408
0.437188209,-0.193631
0.437301587,-0.193839
0.437414966,-0.194033
0.437528345,-0.194213
0.437641723,-0.194377
0.437755102,-0.194527
0.437868481,-0.194661
0.437981859,-0.194779
0.438095238,-0.194881
0.438208617,-0.194967
0.438321995,-0.195037
0.438435374,-0.195090
0.438548753,-0.195126
0.438662132,-0.195146
0.438775510,-0.195147
0.438888889,-0.195132
0.439002268,-0.195098
0.439115646,-0.195047
0.439229025,-0.194977
0.439342404,-0.194891
0.439455782,-0.194784
0.439569161,-0.194661
0.439682540,-0.194518
0.439795918,-0.194356
0.439909297,-0.194176
0.440022676,-0.193977
0.440136054,-0.193760
0.440249433,-0.193523
0.440362812,-0.193267
0.440476190,-0.192991
0.440589569,-0.192696
0.440702948,-0.192383
0.440816327,-0.192049
0.440929705,-0.191697
0.441043084,-0.191326
0.441156463,-0.190935
0.441269841,-0.190522
0.441383220,-0.190093
0.441496599,-0.189643
0.441609977,-0.189174
0.441723356,-0.188684
0.441836735,-0.188176
0.441950113,-0.187649
0.442063492,-0.187102
0.442176871,-0.186533
0.442290249,-0.185947
0.442403628,-0.185342
0.442517007,-0.184717
0.442630385,-0.184073
0.442743764,-0.183407
0.442857143,-0.182723
0.442970522,-0.182020
0.443083900,-0.181298
0.443197279,-0.180556
0.443310658,-0.179794
0.443424036,-0.179013
0.443537415,-0.178213
0.443650794,-0.177393
0.443764172,-0.176553
0.443877551,-0.175694
0.443990930,-0.174816
0.444104308,-0.173919
0.444217687,-0.173004
0.444331066,-0.172067
0.444444444,-0.171112
0.444557823,-0.170139
0.444671202,-0.169147
0.444784580,-0.168136
0.444897959,-0.167105
0.445011338,-0.166056
0.445124717,-0.164990
0.445238095,-0.163906
0.445351474,-0.162802
0.445464853,-0.161682
0.445578231,-0.160543
0.445691610,-0.159388
0.445804989,-0.158215
0.445918367,-0.157026
0.446031746,-0.155820
0.446145125,-0.154597
0.446258503,-0.153357
0.446371882,-0.152102
0.446485261,-0.150830
0.446598639,-0.149544
0.446712018,-0.148242
0.446825397,-0.146923
0.446938776,-0.145589
0.447052154,-0.144241
0.447165533,-0.142878
0.447278912,-0.141501
0.447392290,-0.140109
0.447505669,-0.138702
0.447619048,-0.137280
0.447732426,-0.135845
0.447845805,-0.134397
0.447959184,-0.132936
0.448072562,-0.131460
0.448185941,-0.129969
0.448299320,-0.128467
0.448412698,-0.126950
0.448526077,-0.125420
0.448639456,-0.123879
0.448752834,-0.122323
0.448866213,-0.120754
0.448979592,-0.119174
0.449092971,-0.117581
0.449206349,-0.115975
0.449319728,-0.114357
0.449433107,-0.112727
0.449546485,-0.111084
0.449659864,-0.109431
0.449773243,-0.107765
0.449886621,-0.106087
0.450000000,-0.104398
0.450113379,-0.102698
0.450226757,-0.100986
0.450340136,-0.099264
0.450453515,-0.097530
0.450566893,-0.095786
0.450680272,-0.094032
0.450793651,-0.092267
0.450907029,-0.090491
0.451020408,-0.088706
0.451133787,-0.086911
0.451247166,-0.085107
0.451360544,-0.083294
0.451473923,-0.081470
0.451587302,-0.079638
0.451700680,-0.077796
0.451814059,-0.075948
0.451927438,-0.074090
0.452040816,-0.072224
0.452154195,-0.070351
0.452267574,-0.068469
0.452380952,-0.066579
0.452494331,-0.064683
0.452607710,-0.062779
0.452721088,-0.060869
0.452834467,-0.058953
0.452947846,-0.057028
0.453061224,-0.055098
0.453174603,-0.053163
0.453287982,-0.051220
0.453401361,-0.049271
0.453514739,-0.047316
0.453628118,-0.045355
0.453741497,-0.043390
0.453854875,-0.041417
0.453968254,-0.039439
0.454081633,-0.037456
0.454195011,-0.035467
0.454308390,-0.033475
0.454421769,-0.031476
0.454535147,-0.029471
0.454648526,-0.027461
0.454761905,-0.025448
0.454875283,-0.023429
0.454988662,-0.021405
0.455102041,-0.019377
0.455215420,-0.017344
0.455328798,-0.015308
0.455442177,-0.013266
0.455555556,-0.011218
0.455668934,-0.009169
0.455782313,-0.007115
0.455895692,-0.005057
0.456009070,-0.002996
0.456122449,-0.000933
0.456235828,0.001136
0.456349206,0.003208
0.456462585,0.005282
0.456575964,0.007359
0.456689342,0.009438
0.456802721,0.011521
0.456916100,0.013607
0.457029478,0.015695
0.457142857,0.017785
0.457256236,0.019877
0.457369615,0.021970
0.457482993,0.024065
0.457596372,0.026162
0.457709751,0.028261
0.457823129,0.030359
0.457936508,0.032460
0.458049887,0.034562
0.458163265,0.036664
0.458276644,0.038767
0.458390023,0.040869
0.458503401,0.042971
0.458616780,0.045075
0.458730159,0.047177
0.458843537,0.049281
0.458956916,0.051384
0.459070295,0.053486
0.459183673,0.055587
0.459297052,0.057687
0.459410431,0.059788
0.459523810,0.061886
0.459637188,0.063983
0.459750567,0.066079
0.459863946,0.068174
0.459977324,0.070267
0.460090703,0.072357
0.460204082,0.074447
0.460317460,0.076535
0.460430839,0.078620
0.460544218,0.080703
0.460657596,0.082782
0.460770975,0.084861
0.460884354,0.086935
0.460997732,0.089008
0.461111111,0.091076
0.461224490,0.093142
0.461337868,0.095205
0.461451247,0.097263
0.461564626,0.099318
0.461678005,0.101369
0.461791383,0.103416
0.461904762,0.105458
0.462018141,0.107495
0.462131519,0.109528
0.462244898,0.111556
0.462358277,0.113579
0.462471655,0.115594
0.462585034,0.117606
0.462698413,0.119611
0.462811791,0.121609
0.462925170,0.123602
0.463038549,0.125587
0.463151927,0.127566
0.463265306,0.129537
0.463378685,0.131501
0.463492063,0.133458
0.463605442,0.135407
0.463718821,0.137346
0.463832200,0.139278
0.463945578,0.141200
0.464058957,0.143114
0.464172336,0.145018
0.464285714,0.146915
0.464399093,0.148802
0.464512472,0.150677
0.464625850,0.152544
0.464739229,0.154400
0.464852608,0.156246
0.464965986,0.158080
0.465079365,0.159906
0.465192744,0.161720
0.465306122,0.163521
0.465419501,0.165314
0.465532880,0.167092
0.465646259,0.168861
0.465759637,0.170616
0.465873016,0.172361
0.465986395,0.174091
0.466099773,0.175811
0.466213152,0.177518
0.466326531,0.179213
0.466439909,0.180893
0.466553288,0.182563
0.466666667,0.184219
0.466780045,0.185861
0.466893424,0.187490
0.467006803,0.189107
0.467120181,0.190710
0.467233560,0.192299
0.467346939,0.193873
0.467460317,0.195435
0.467573696,0.196981
0.467687075,0.198514
0.467800454,0.200032
0.467913832,0.201536
0.468027211,0.203023
0.468140590,0.204496
0.468253968,0.205954
0.468367347,0.207397
0.468480726,0.208823
0.468594104,0.210234
0.468707483,0.211629
0.468820862,0.213009
0.468934240,0.214370
0.469047619,0.215718
0.469160998,0.217048
0.469274376,0.218362
0.469387755,0.219658
0.469501134,0.220938
0.469614512,0.222200
0.469727891,0.223445
0.469841270,0.224674
0.469954649,0.225885
0.470068027,0.227080
0.470181406,0.228258
0.470294785,0.229417
0.470408163,0.230559
0.470521542,0.231683
0.470634921,0.232792
0.470748299,0.233880
0.470861678,0.234953
0.470975057,0.236008
0.471088435,0.237048
0.471201814,0.238067
0.471315193,0.239071
0.471428571,0.240057
0.471541950,0.241027
0.471655329,0.241977
0.471768707,0.242912
0.471882086,0.243831
0.471995465,0.244732
0.472108844,0.245615
0.472222222,0.246482
0.472335601,0.247332
0.472448980,0.248165
0.472562358,0.248981
0.472675737,0.249781
0.472789116,0.250565
0.472902494,0.251331
0.473015873,0.252080
0.473129252,0.252814
0.473242630,0.253531
0.473356009,0.254231
0.473469388,0.254914
0.473582766,0.255583
0.473696145,0.256234
0.473809524,0.256871
0.473922902,0.257490
0.474036281,0.258095
0.474149660,0.258682
0.474263039,0.259255
0.474376417,0.259813
0.474489796,0.260355
0.474603175,0.260881
0.474716553,0.261392
0.474829932,0.261887
0.474943311,0.262368
0.475056689,0.262834
0.475170068,0.263285
0.475283447,0.263720
0.475396825,0.264143
0.475510204,0.264551
0.475623583,0.264943
0.475736961,0.265321
0.475850340,0.265687
0.475963719,0.266039
0.476077098,0.266376
0.476190476,0.266701
0.476303855,0.267012
0.476417234,0.267310
0.476530612,0.267594
0.476643991,0.267868
0.476757370,0.268127
0.476870748,0.268374
0.476984127,0.268609
0.477097506,0.268833
0.477210884,0.269043
0.477324263,0.269244
0.477437642,0.269430
0.477551020,0.269607
0.477664399,0.269772
0.477777778,0.269925
0.477891156,0.270069
0.478004535,0.270201
0.478117914,0.270322
0.478231293,0.270433
0.478344671,0.270533
0.478458050,0.270624
0.478571429,0.270704
0.478684807,0.270774
0.478798186,0.270833
0.478911565,0.270884
0.479024943,0.270925
0.479138322,0.270956
0.479251701,0.270976
0.479365079,0.270988
0.479478458,0.270990
0.479591837,0.270982
0.479705215,0.270965
0.479818594,0.270939
0.479931973,0.270903
0.480045351,0.270859
0.480158730,0.270805
0.480272109,0.270742
0.480385488,0.270670
0.480498866,0.270587
0.480612245,0.270498
0.480725624,0.270399
0.480839002,0.270292
0.480952381,0.270176
0.481065760,0.270051
0.481179138,0.269919
0.481292517,0.269778
0.481405896,0.269628
0.481519274,0.269469
0.481632653,0.269303
0.481746032,0.269128
0.481859410,0.268947
0.481972789,0.268756
0.482086168,0.268558
0.482199546,0.268354
0.482312925,0.268140
0.482426304,0.267919
0.482539683,0.267690
0.482653061,0.267453
0.482766440,0.267211
0.482879819,0.266960
0.482993197,0.266700
0.483106576,0.266435
0.483219955,0.266163
0.483333333,0.265884
0.483446712,0.265596
0.483560091,0.265303
0.483673469,0.265002
0.483786848,0.264695
0.483900227,0.264380
0.484013605,0.264058
0.484126984,0.263731
0.484240363,0.263396
0.484353741,0.263054
0.484467120,0.262706
0.484580499,0.262351
0.484693878,0.261988
0.484807256,0.261619
0.484920635,0.261242
0.485034014,0.260859
0.485147392,0.260468
0.485260771,0.260072
0.485374150,0.259667
0.485487528,0.259255
0.485600907,0.258836
0.485714286,0.258409
0.485827664,0.257976
0.485941043,0.257536
0.486054422,0.257086
0.486167800,0.256632
0.486281179,0.256169
0.486394558,0.255696
0.486507937,0.255219
0.486621315,0.254732
0.486734694,0.254237
0.486848073,0.253735
0.486961451,0.253225
0.487074830,0.252707
0.487188209,0.252181
0.487301587,0.251647
0.487414966,0.251106
0.487528345,0.250556
0.487641723,0.249998
0.487755102,0.249430
0.487868481,0.248857
0.487981859,0.248273
0.488095238,0.247682
0.488208617,0.247082
0.488321995,0.246476
0.488435374,0.245858
0.488548753,0.245233
0.488662132,0.244602
0.488775510,0.243959
0.488888889,0.243308
0.489002268,0.242650
0.489115646,0.241983
0.489229025,0.241305
0.489342404,0.240620
0.489455782,0.239926
0.489569161,0.239224
0.489682540,0.238511
0.489795918,0.237790
0.489909297,0.237060
0.490022676,0.236320
0.490136054,0.235571
0.490249433,0.234814
0.490362812,0.234045
0.490476190,0.233269
0.490589569,0.232483
0.490702948,0.231686
0.490816327,0.230879
0.490929705,0.230063
0.491043084,0.229238
0.491156463,0.228401
0.491269841,0.227557
0.491383220,0.226700
0.491496599,0.225835
0.491609977,0.224960
0.491723356,0.224073
0.491836735,0.223178
0.491950113,0.222273
0.492063492,0.221356
0.492176871,0.220430
0.492290249,0.219496
0.492403628,0.218549
0.492517007,0.217593
0.492630385,0.216626
0.492743764,0.215649
0.492857143,0.214663
0.492970522,0.213666
0.493083900,0.212661
0.493197279,0.211644
0.493310658,0.210618
0.493424036,0.209582
0.493537415,0.208536
0.493650794,0.207480
0.493764172,0.206416
0.493877551,0.205342
0.493990930,0.204258
0.494104308,0.203166
0.494217687,0.202065
0.494331066,0.200953
0.494444444,0.199832
0.494557823,0.198703
0.494671202,0.197564
0.494784580,0.196417
0.494897959,0.195261
0.495011338,0.194096
0.495124717,0.192922
0.495238095,0.191741
0.495351474,0.190549
0.495464853,0.189351
0.495578231,0.188143
0.495691610,0.186927
0.495804989,0.185703
0.495918367,0.184471
0.496031746,0.183231
0.496145125,0.181983
0.496258503,0.180728
0.496371882,0.179465
0.496485261,0.178194
0.496598639,0.176916
0.496712018,0.175630
0.496825397,0.174338
0.496938776,0.173036
0.497052154,0.171729
0.497165533,0.170416
0.497278912,0.169095
0.497392290,0.167769
0.497505669,0.166435
0.497619048,0.165095
0.497732426,0.163749
0.497845805,0.162398
0.497959184,0.161042
0.498072562,0.159678
0.498185941,0.158311
0.498299320,0.156939
0.498412698,0.155562
0.498526077,0.154179
0.498639456,0.152792
0.498752834,0.151400
0.498866213,0.150007
0.498979592,0.148608
0.499092971,0.147206
0.499206349,0.145802
0.499319728,0.144394
0.499433107,0.142983
0.499546485,0.141568
0.499659864,0.140153
0.499773243,0.138735
0.499886621,0.137317
0.500000000,0.135895
0.500113379,0.134471
0.500226757,0.133047
0.500340136,0.131624
0.500453515,0.130199
0.500566893,0.128771
0.500680272,0.127346
0.500793651,0.125919
0.500907029,0.124494
0.501020408,0.123066
0.501133787,0.121641
0.501247166,0.120216
0.501360544,0.118790
0.501473923,0.117367
0.501587302,0.115945
0.501700680,0.114522
0.501814059,0.113102
0.501927438,0.111682
0.502040816,0.110265
0.502154195,0.108847
0.502267574,0.107432
0.502380952,0.106020
0.502494331,0.104608
0.502607710,0.103197
0.502721088,0.101790
0.502834467,0.100384
0.502947846,0.098980
0.503061224,0.097580
0.503174603,0.096181
0.503287982,0.094784
0.503401361,0.093391
0.503514739,0.091999
0.503628118,0.090611
0.503741497,0.089227
0.503854875,0.087844
0.503968254,0.086465
0.504081633,0.085091
0.504195011,0.083719
0.504308390,0.082352
0.504421769,0.080989
0.504535147,0.079630
0.504648526,0.078274
0.504761905,0.076923
0.504875283,0.075577
0.504988662,0.074234
0.505102041,0.072897
0.505215420,0.071564
0.505328798,0.070237
0.505442177,0.068914
0.505555556,0.067596
0.505668934,0.066282
0.505782313,0.064974
0.505895692,0.063671
0.506009070,0.062374
0.506122449,0.061081
0.506235828,0.059795
0.506349206,0.058513
0.506462585,0.057237
0.506575964,0.055966
0.506689342,0.054700
0.506802721,0.053438
0.506916100,0.052184
0.507029478,0.050934
0.507142857,0.049688
0.507256236,0.048447
0.507369615,0.047214
0.507482993,0.045984
0.507596372,0.044759
0.507709751,0.043539
0.507823129,0.042323
0.507936508,0.041115
0.508049887,0.039909
0.508163265,0.038710
0.508276644,0.037515
0.508390023,0.036324
0.508503401,0.035140
0.508616780,0.033960
0.508730159,0.032785
0.508843537,0.031613
0.508956916,0.030449
0.509070295,0.029288
0.509183673,0.028130
0.509297052,0.026980
0.509410431,0.025833
0.509523810,0.024694
0.509637188,0.023558
0.509750567,0.022425
0.509863946,0.021300
0.509977324,0.020180
0.510090703,0.019063
0.510204082,0.017952
0.510317460,0.016846
0.510430839,0.015746
0.510544218,0.014651
0.510657596,0.013559
0.510770975,0.012474
0.510884354,0.011393
0.510997732,0.010319
0.511111111,0.009249
0.511224490,0.008186
0.511337868,0.007126
0.511451247,0.006071
0.511564626,0.005022
0.511678005,0.003979
0.511791383,0.002940
0.511904762,0.001907
0.512018141,0.000877
0.512131519,-0.000145
0.512244898,-0.001164
0.512358277,-0.002179
0.512471655,-0.003189
0.512585034,-0.004194
0.512698413,-0.005195
0.512811791,-0.006191
0.512925170,-0.007182
0.513038549,-0.008171
0.513151927,-0.009152
0.513265306,-0.010132
0.513378685,-0.011107
0.513492063,-0.012076
0.513605442,-0.013044
0.513718821,-0.014006
0.513832200,-0.014964
0.513945578,-0.015919
0.514058957,-0.016869
0.514172336,-0.017817
0.514285714,-0.018760
0.514399093,-0.019699
0.514512472,-0.020633
0.514625850,-0.021565
0.514739229,-0.022493
0.514852608,-0.023416
0.514965986,-0.024336
0.515079365,-0.025252
0.515192744,-0.026164
0.515306122,-0.027071
0.515419501,-0.027975
0.515532880,-0.028877
0.515646259,-0.029773
0.515759637,-0.030665
0.515873016,-0.031554
0.515986395,-0.032438
0.516099773,-0.033319
0.516213152,-0.034196
0.516326531,-0.035067
0.516439909,-0.035935
0.516553288,-0.036800
0.516666667,-0.037661
0.516780045,-0.038517
0.516893424,-0.039371
0.517006803,-0.040217
0.517120181,-0.041062
0.517233560,-0.041902
0.517346939,-0.042738
0.517460317,-0.043571
0.517573696,-0.044400
0.517687075,-0.045224
0.517800454,-0.046044
0.517913832,-0.046861
0.518027211,-0.047674
0.518140590,-0.048482
0.518253968,-0.049286
0.518367347,-0.050087
0.518480726,-0.050884
0.518594104,-0.051677
0.518707483,-0.052467
0.518820862,-0.053252
0.518934240,-0.054033
0.519047619,-0.054811
0.519160998,-0.055585
0.519274376,-0.056356
0.519387755,-0.057121
0.519501134,-0.057884
0.519614512,-0.058642
0.519727891,-0.059397
0.519841270,-0.060148
0.519954649,-0.060895
0.520068027,-0.061639
0.520181406,-0.062378
0.520294785,-0.063113
0.520408163,-0.063845
0.520521542,-0.064571
0.520634921,-0.065293
0.520748299,-0.066012
0.520861678,-0.066724
0.520975057,-0.067435
0.521088435,-0.068138
0.521201814,-0.068837
0.521315193,-0.069533
0.521428571,-0.070222
0.521541950,-0.070906
0.521655329,-0.071586
0.521768707,-0.072259
0.521882086,-0.072927
0.521995465,-0.073589
0.522108844,-0.074246
0.522222222,-0.074898
0.522335601,-0.075542
0.522448980,-0.076182
0.522562358,-0.076815
0.522675737,-0.077442
0.522789116,-0.078062
0.522902494,-0.078677
0.523015873,-0.079286
0.523129252,-0.079886
0.523242630,-0.080481
0.523356009,-0.081070
0.523469388,-0.081651
0.523582766,-0.082227
0.523696145,-0.082795
0.523809524,-0.083358
0.523922902,-0.083912
0.524036281,-0.084461
0.524149660,-0.085001
0.524263039,-0.085535
0.524376417,-0.086063
0.524489796,-0.086583
0.524603175,-0.087097
0.524716553,-0.087603
0.524829932,-0.088102
0.524943311,-0.088594
0.525056689,-0.089081
0.525170068,-0.089557
0.525283447,-0.090028
0.525396825,-0.090492
0.525510204,-0.090948
0.525623583,-0.091396
0.525736961,-0.091838
0.525850340,-0.092272
0.525963719,-0.092698
0.526077098,-0.093118
0.526190476,-0.093530
0.526303855,-0.093933
0.526417234,-0.094330
0.526530612,-0.094719
0.526643991,-0.095101
0.526757370,-0.095474
0.526870748,-0.095840
0.526984127,-0.096200
0.527097506,-0.096550
0.527210884,-0.096893
0.527324263,-0.097227
0.527437642,-0.097554
0.527551020,-0.097874
0.527664399,-0.098185
0.527777778,-0.098490
0.527891156,-0.098787
0.528004535,-0.099075
0.528117914,-0.099356
0.528231293,-0.099628
0.528344671,-0.099895
0.528458050,-0.100153
0.528571429,-0.100404
0.528684807,-0.100647
0.528798186,-0.100884
0.528911565,-0.101114
0.529024943,-0.101336
0.529138322,-0.101552
0.529251701,-0.101760
0.529365079,-0.101963
0.529478458,-0.102159
0.529591837,-0.102348
0.529705215,-0.102531
0.529818594,-0.102709
0.529931973,-0.102881
0.530045351,-0.103046
0.530158730,-0.103205
0.530272109,-0.103360
0.530385488,-0.103510
0.530498866,-0.103653
0.530612245,-0.103792
0.530725624,-0.103926
0.530839002,-0.104054
0.530952381,-0.104177
0.531065760,-0.104297
0.531179138,-0.104411
0.531292517,-0.104522
0.531405896,-0.104626
0.531519274,-0.104728
0.531632653,-0.104824
0.531746032,-0.104916
0.531859410,-0.105005
0.531972789,-0.105088
0.532086168,-0.105168
0.532199546,-0.105244
0.532312925,-0.105317
0.532426304,-0.105385
0.532539683,-0.105448
0.532653061,-0.105509
0.532766440,-0.105567
0.532879819,-0.105619
0.532993197,-0.105670
0.533106576,-0.105715
0.533219955,-0.105758
0.533333333,-0.105796
0.533446712,-0.105833
0.533560091,-0.105865
0.533673469,-0.105895
0.533786848,-0.105920
0.533900227,-0.105942
0.534013605,-0.105961
0.534126984,-0.105978
0.534240363,-0.105989
0.534353741,-0.106001
0.534467120,-0.106007
0.534580499,-0.106011
0.534693878,-0.106014
0.534807256,-0.106013
0.534920635,-0.106008
0.535034014,-0.106002
0.535147392,-0.105994
0.535260771,-0.105982
0.535374150,-0.105969
0.535487528,-0.105952
0.535600907,-0.105935
0.535714286,-0.105915
0.535827664,-0.105892
0.535941043,-0.105868
0.536054422,-0.105841
0.536167800,-0.105813
0.536281179,-0.105782
0.536394558,-0.105751
0.536507937,-0.105716
0.536621315,-0.105680
0.536734694,-0.105643
0.536848073,-0.105603
0.536961451,-0.105562
0.537074830,-0.105520
0.537188209,-0.105475
0.537301587,-0.105429
0.537414966,-0.105381
0.537528345,-0.105332
0.537641723,-0.105281
0.537755102,-0.105227
0.537868481,-0.105173
0.537981859,-0.105117
0.538095238,-0.105057
0.538208617,-0.104998
0.538321995,-0.104935
0.538435374,-0.104870
0.538548753,-0.104803
0.538662132,-0.104735
0.538775510,-0.104663
0.538888889,-0.104589
0.539002268,-0.104514
0.539115646,-0.104437
0.539229025,-0.104356
0.539342404,-0.104273
0.539455782,-0.104187
0.539569161,-0.104099
0.539682540,-0.104009
0.539795918,-0.103916
0.539909297,-0.103821
0.540022676,-0.103723
0.540136054,-0.103622
0.540249433,-0.103520
0.540362812,-0.103415
0.540476190,-0.103306
0.540589569,-0.103195
0.540702948,-0.103082
0.540816327,-0.102966
0.540929705,-0.102848
0.541043084,-0.102726
0.541156463,-0.102603
0.541269841,-0.102476
0.541383220,-0.102345
0.541496599,-0.102213
0.541609977,-0.102077
0.541723356,-0.101938
0.541836735,-0.101797
0.541950113,-0.101652
0.542063492,-0.101504
0.542176871,-0.101352
0.542290249,-0.101199
0.542403628,-0.101040
0.542517007,-0.100878
0.542630385,-0.100712
0.542743764,-0.100544
0.542857143,-0.100371
0.542970522,-0.100194
0.543083900,-0.100012
0.543197279,-0.099829
0.543310658,-0.099640
0.543424036,-0.099447
0.543537415,-0.099249
0.543650794,-0.099048
0.543764172,-0.098843
0.543877551,-0.098633
0.543990930,-0.098419
0.544104308,-0.098200
0.544217687,-0.097975
0.544331066,-0.097747
0.544444444,-0.097514
0.544557823,-0.097277
0.544671202,-0.097035
0.544784580,-0.096788
0.544897959,-0.096537
0.545011338,-0.096280
0.545124717,-0.096019
0.545238095,-0.095753
0.545351474,-0.095483
0.545464853,-0.095209
0.545578231,-0.094929
0.545691610,-0.094645
0.545804989,-0.094356
0.545918367,-0.094063
0.546031746,-0.093765
0.546145125,-0.093463
0.546258503,-0.093155
0.546371882,-0.092846
0.546485261,-0.092529
0.546598639,-0.092211
0.546712018,-0.091885
0.546825397,-0.091558
0.546938776,-0.091225
0.547052154,-0.090889
0.547165533,-0.090549
0.547278912,-0.090204
0.547392290,-0.089856
0.547505669,-0.089502
0.547619048,-0.089146
0.547732426,-0.088785
0.547845805,-0.088421
0.547959184,-0.088053
0.548072562,-0.087679
0.548185941,-0.087304
0.548299320,-0.086923
0.548412698,-0.086541
0.548526077,-0.086154
0.548639456,-0.085762
0.548752834,-0.085368
0.548866213,-0.084970
0.548979592,-0.084568
0.549092971,-0.084162
0.549206349,-0.083752
0.549319728,-0.083339
0.549433107,-0.082925
0.549546485,-0.082506
0.549659864,-0.082083
0.549773243,-0.081658
0.549886621,-0.081230
0.550000000,-0.080799
0.550113379,-0.080364
0.550226757,-0.079928
0.550340136,-0.079489
0.550453515,-0.079047
0.550566893,-0.078603
0.550680272,-0.078156
0.550793651,-0.077707
0.550907029,-0.077257
0.551020408,-0.076804
0.551133787,-0.076351
0.551247166,-0.075896
0.551360544,-0.075439
0.551473923,-0.074980
0.551587302,-0.074522
0.551700680,-0.074063
0.551814059,-0.073603
0.551927438,-0.073143
0.552040816,-0.072683
0.552154195,-0.072222
0.552267574,-0.071762
0.552380952,-0.071303
0.552494331,-0.070843
0.552607710,-0.070386
0.552721088,-0.069928
0.552834467,-0.069473
0.552947846,-0.069018
0.553061224,-0.068565
0.553174603,-0.068113
0.553287982,-0.067664
0.553401361,-0.067216
0.553514739,-0.066771
0.553628118,-0.066327
0.553741497,-0.065886
0.553854875,-0.065449
0.553968254,-0.065013
0.554081633,-0.064580
0.554195011,-0.064151
0.554308390,-0.063725
0.554421769,-0.063302
0.554535147,-0.062882
0.554648526,-0.062466
0.554761905,-0.062054
0.554875283,-0.061645
0.554988662,-0.061239
0.555102041,-0.060837
0.555215420,-0.060441
0.555328798,-0.060048
0.555442177,-0.059660
0.555555556,-0.059276
0.555668934,-0.058896
0.555782313,-0.058520
0.555895692,-0.058151
0.556009070,-0.057784
0.556122449,-0.057423
0.556235828,-0.057067
0.556349206,-0.056717
0.556462585,-0.056372
0.556575964,-0.056030
0.556689342,-0.055696
0.556802721,-0.055367
0.556916100,-0.055043
0.557029478,-0.054726
0.557142857,-0.054415
0.557256236,-0.054109
0.557369615,-0.053808
0.557482993,-0.053514
0.557596372,-0.053226
0.557709751,-0.052945
0.557823129,-0.052669
0.557936508,-0.052400
0.558049887,-0.052138
0.558163265,-0.051880
0.558276644,-0.051630
0.558390023,-0.051386
0.558503401,-0.051149
0.558616780,-0.050918
0.558730159,-0.050693
0.558843537,-0.050476
0.558956916,-0.050263
0.559070295,-0.050058
0.559183673,-0.049859
0.559297052,-0.049664
0.559410431,-0.049477
0.559523810,-0.049297
0.559637188,-0.049122
0.559750567,-0.048952
0.559863946,-0.048788
0.559977324,-0.048629
0.560090703,-0.048477
0.560204082,-0.048329
0.560317460,-0.048186
0.560430839,-0.048048
0.560544218,-0.047916
0.560657596,-0.047788
0.560770975,-0.047665
0.560884354,-0.047545
0.560997732,-0.047430
0.561111111,-0.047321
0.561224490,-0.047215
0.561337868,-0.047111
0.561451247,-0.047014
0.561564626,-0.046919
0.561678005,-0.046827
0.561791383,-0.046739
0.561904762,-0.046655
0.562018141,-0.046574
0.562131519,-0.046496
0.562244898,-0.046423
0.562358277,-0.046350
0.562471655,-0.046282
0.562585034,-0.046215
0.562698413,-0.046152
0.562811791,-0.046090
0.562925170,-0.046032
0.563038549,-0.045976
0.563151927,-0.045924
0.563265306,-0.045873
0.563378685,-0.045824
0.563492063,-0.045776
0.563605442,-0.045731
0.563718821,-0.045687
0.563832200,-0.045645
0.563945578,-0.045605
0.564058957,-0.045566
0.564172336,-0.045528
0.564285714,-0.045491
0.564399093,-0.045455
0.564512472,-0.045420
0.564625850,-0.045385
0.564739229,-0.045350
0.564852608,-0.045315
0.564965986,-0.045280
0.565079365,-0.045245
0.565192744,-0.045210
0.565306122,-0.045176
0.565419501,-0.045139
0.565532880,-0.045100
0.565646259,-0.045062
0.565759637,-0.045022
0.565873016,-0.044980
0.565986395,-0.044936
0.566099773,-0.044892
0.566213152,-0.044845
0.566326531,-0.044794
0.566439909,-0.044743
0.566553288,-0.044689
0.566666667,-0.044631
0.566780045,-0.044571
0.566893424,-0.044510
0.567006803,-0.044443
0.567120181,-0.044374
0.567233560,-0.044302
0.567346939,-0.044226
0.567460317,-0.044147
0.567573696,-0.044064
0.567687075,-0.043978
0.567800454,-0.043888
0.567913832,-0.043795
0.568027211,-0.043696
0.568140590,-0.043594
0.568253968,-0.043488
0.568367347,-0.043379
0.568480726,-0.043264
0.568594104,-0.043146
0.568707483,-0.043022
0.568820862,-0.042895
0.568934240,-0.042764
0.569047619,-0.042628
0.569160998,-0.042489
0.569274376,-0.042344
0.569387755,-0.042196
0.569501134,-0.042042
0.569614512,-0.041885
0.569727891,-0.041722
0.569841270,-0.041556
0.569954649,-0.041385
0.570068027,-0.041208
0.570181406,-0.041029
0.570294785,-0.040844
0.570408163,-0.040656
0.570521542,-0.040462
0.570634921,-0.040264
0.570748299,-0.040062
0.570861678,-0.039855
0.570975057,-0.039645
0.571088435,-0.039429
0.571201814,-0.039210
0.571315193,-0.038985
0.571428571,-0.038757
0.571541950,-0.038524
0.571655329,-0.038288
0.571768707,-0.038046
0.571882086,-0.037802
0.571995465,-0.037553
0.572108844,-0.037300
0.572222222,-0.037043
0.572335601,-0.036781
0.572448980,-0.036516
0.572562358,-0.036247
0.572675737,-0.035974
0.572789116,-0.035698
0.572902494,-0.035419
0.573015873,-0.035136
0.573129252,-0.034849
0.573242630,-0.034561
0.573356009,-0.034267
0.573469388,-0.033971
0.573582766,-0.033672
0.573696145,-0.033371
0.573809524,-0.033067
0.573922902,-0.032761
0.574036281,-0.032453
0.574149660,-0.032141
0.574263039,-0.031828
0.574376417,-0.031513
0.574489796,-0.031196
0.574603175,-0.030876
0.574716553,-0.030556
0.574829932,-0.030233
0.574943311,-0.029910
0.575056689,-0.029586
0.575170068,-0.029258
0.575283447,-0.028933
0.575396825,-0.028603
0.575510204,-0.028276
0.575623583,-0.027945
0.575736961,-0.027616
0.575850340,-0.027285
0.575963719,-0.026954
0.576077098,-0.026623
0.576190476,-0.026290
0.576303855,-0.025959
0.576417234,-0.025626
0.576530612,-0.025293
0.576643991,-0.024961
0.576757370,-0.024628
0.576870748,-0.024295
0.576984127,-0.023962
0.577097506,-0.023631
0.577210884,-0.023299
0.577324263,-0.022966
0.577437642,-0.022633
0.577551020,-0.022302
0.577664399,-0.021969
0.577777778,-0.021638
0.577891156,-0.021305
0.578004535,-0.020974
0.578117914,-0.020643
0.578231293,-0.020312
0.578344671,-0.019981
0.578458050,-0.019650
0.578571429,-0.019319
0.578684807,-0.018990
0.578798186,-0.018661
0.578911565,-0.018332
0.579024943,-0.018003
0.579138322,-0.017675
0.579251701,-0.017348
0.579365079,-0.017020
0.579478458,-0.016694
0.579591837,-0.016369
0.579705215,-0.016045
0.579818594,-0.015721
0.579931973,-0.015399
0.580045351,-0.015077
0.580158730,-0.014756
0.580272109,-0.014436
0.580385488,-0.014116
0.580498866,-0.013799
0.580612245,-0.013482
0.580725624,-0.013165
0.580839002,-0.012850
0.580952381,-0.012535
0.581065760,-0.012222
0.581179138,-0.011910
0.581292517,-0.011597
0.581405896,-0.011285
0.581519274,-0.010976
0.581632653,-0.010666
0.581746032,-0.010356
0.581859410,-0.010047
0.581972789,-0.009737
0.582086168,-0.009427
0.582199546,-0.009119
0.582312925,-0.008809
0.582426304,-0.008500
0.582539683,-0.008190
0.582653061,-0.007880
0.582766440,-0.007569
0.582879819,-0.007257
0.582993197,-0.006946
0.583106576,-0.006632
0.583219955,-0.006317
0.583333333,-0.006002
0.583446712,-0.005685
0.583560091,-0.005369
0.583673469,-0.005050
0.583786848,-0.004730
0.583900227,-0.004407
0.584013605,-0.004084
0.584126984,-0.003758
0.584240363,-0.003430
0.584353741,-0.003101
0.584467120,-0.002770
0.584580499,-0.002437
0.584693878,-0.002103
0.584807256,-0.001765
0.584920635,-0.001425
0.585034014,-0.001083
0.585147392,-0.000740
0.585260771,-0.000393
0.585374150,-0.000044
0.585487528,0.000306
0.585600907,0.000661
0.585714286,0.001016
0.585827664,0.001376
0.585941043,0.001737
0.586054422,0.002100
0.586167800,0.002466
0.586281179,0.002836
0.586394558,0.003208
0.586507937,0.003583
0.586621315,0.003961
0.586734694,0.004341
0.586848073,0.004725
0.586961451,0.005113
0.587074830,0.005503
0.587188209,0.005896
0.587301587,0.006292
0.587414966,0.006692
0.587528345,0.007096
0.587641723,0.007503
0.587755102,0.007914
0.587868481,0.008329
0.587981859,0.008746
0.588095238,0.009168
0.588208617,0.009595
0.588321995,0.010023
0.588435374,0.010457
0.588548753,0.010896
0.588662132,0.011337
0.588775510,0.011783
0.588888889,0.012235
0.589002268,0.012688
0.589115646,0.013149
0.589229025,0.013611
0.589342404,0.014078
0.589455782,0.014551
0.589569161,0.015028
0.589682540,0.015508
0.589795918,0.015993
0.589909297,0.016482
0.590022676,0.016976
0.590136054,0.017473
0.590249433,0.017975
0.590362812,0.018481
0.590476190,0.018991
0.590589569,0.019507
0.590702948,0.020026
0.590816327,0.020548
0.590929705,0.021074
0.591043084,0.021605
0.591156463,0.022140
0.591269841,0.022679
0.591383220,0.023221
0.591496599,0.023768
0.591609977,0.024317
0.591723356,0.024871
0.591836735,0.025428
0.591950113,0.025987
0.592063492,0.026552
0.592176871,0.027119
0.592290249,0.027690
0.592403628,0.028263
0.592517007,0.028841
0.592630385,0.029422
0.592743764,0.030005
0.592857143,0.030591
0.592970522,0.031181
0.593083900,0.031774
0.593197279,0.032369
0.593310658,0.032968
0.593424036,0.033570
0.593537415,0.034174
0.593650794,0.034782
0.593764172,0.035393
0.593877551,0.036006
0.593990930,0.036622
0.594104308,0.037241
0.594217687,0.037862
0.594331066,0.038488
0.594444444,0.039113
0.594557823,0.039744
0.594671202,0.040374
0.594784580,0.041010
0.594897959,0.041646
0.595011338,0.042286
0.595124717,0.042927
0.595238095,0.043570
0.595351474,0.044215
0.595464853,0.044863
0.595578231,0.045511
0.595691610,0.046163
0.595804989,0.046815
0.595918367,0.047469
0.596031746,0.048124
0.596145125,0.048782
0.596258503,0.049439
0.596371882,0.050096
0.596485261,0.050755
0.596598639,0.051414
0.596712018,0.052075
0.596825397,0.052734
0.596938776,0.053395
0.597052154,0.054055
0.597165533,0.054714
0.597278912,0.055373
0.597392290,0.056034
0.597505669,0.056693
0.597619048,0.057350
0.597732426,0.058009
0.597845805,0.058665
0.597959184,0.059322
0.598072562,0.059977
0.598185941,0.060633
0.598299320,0.061287
0.598412698,0.061940
0.598526077,0.062592
0.598639456,0.063244
0.598752834,0.063894
0.598866213,0.064544
0.598979592,0.065193
0.599092971,0.065841
0.599206349,0.066489
0.599319728,0.067134
0.599433107,0.067781
0.599546485,0.068424
0.599659864,0.069069
0.599773243,0.069710
0.599886621,0.070353
0.600000000,0.070992
0.600113379,0.071632
0.600226757,0.072271
0.600340136,0.072909
0.600453515,0.073545
0.600566893,0.074181
0.600680272,0.074815
0.600793651,0.075449
0.600907029,0.076082
0.601020408,0.076712
0.601133787,0.077343
0.601247166,0.077972
0.601360544,0.078599
0.601473923,0.079224
0.601587302,0.079850
0.601700680,0.080471
0.601814059,0.081093
0.601927438,0.081713
0.602040816,0.082333
0.602154195,0.082950
0.602267574,0.083566
0.602380952,0.084181
0.602494331,0.084794
0.602607710,0.085406
0.602721088,0.086016
0.602834467,0.086625
0.602947846,0.087233
0.603061224,0.087840
0.603174603,0.088446
0.603287982,0.089050
0.603401361,0.089654
0.603514739,0.090258
0.603628118,0.090861
0.603741497,0.091463
0.603854875,0.092063
0.603968254,0.092664
0.604081633,0.093264
0.604195011,0.093865
0.604308390,0.094463
0.604421769,0.095064
0.604535147,0.095663
0.604648526,0.096263
0.604761905,0.096864
0.604875283,0.097464
0.604988662,0.098065
0.605102041,0.098667
0.605215420,0.099269
0.605328798,0.099873
0.605442177,0.100477
0.605555556,0.101083
0.605668934,0.101689
0.605782313,0.102298
0.605895692,0.102908
0.606009070,0.103519
0.606122449,0.104132
0.606235828,0.104744
0.606349206,0.105361
0.606462585,0.105979
0.606575964,0.106599
0.606689342,0.107221
0.606802721,0.107844
0.606916100,0.108470
0.607029478,0.109099
0.607142857,0.109727
0.607256236,0.110360
0.607369615,0.110996
0.607482993,0.111632
0.607596372,0.112271
0.607709751,0.112914
0.607823129,0.113559
0.607936508,0.114206
0.608049887,0.114856
0.608163265,0.115508
0.608276644,0.116161
0.608390023,0.116818
0.608503401,0.117477
0.608616780,0.118140
0.608730159,0.118804
0.608843537,0.119472
0.608956916,0.120142
0.609070295,0.120813
0.609183673,0.121488
0.609297052,0.122167
0.609410431,0.122847
0.609523810,0.123529
0.609637188,0.124214
0.609750567,0.124904
0.609863946,0.125594
0.609977324,0.126287
0.610090703,0.126983
0.610204082,0.127683
0.610317460,0.128385
0.610430839,0.129090
0.610544218,0.129798
0.610657596,0.130509
0.610770975,0.131221
0.610884354,0.131937
0.610997732,0.132656
0.611111111,0.133377
0.611224490,0.134100
0.611337868,0.134826
0.611451247,0.135554
0.611564626,0.136284
0.611678005,0.137017
0.611791383,0.137753
0.611904762,0.138490
0.612018141,0.139228
0.612131519,0.139969
0.612244898,0.140711
0.612358277,0.141455
0.612471655,0.142201
0.612585034,0.142947
0.612698413,0.143694
0.612811791,0.144442
0.612925170,0.145191
0.613038549,0.145941
0.613151927,0.146690
0.613265306,0.147441
0.613378685,0.148191
0.613492063,0.148940
0.613605442,0.149691
0.613718821,0.150441
0.613832200,0.151188
0.613945578,0.151936
0.614058957,0.152684
0.614172336,0.153428
0.614285714,0.154172
0.614399093,0.154914
0.614512472,0.155654
0.614625850,0.156393
0.614739229,0.157130
0.614852608,0.157865
0.614965986,0.158599
0.615079365,0.159329
0.615192744,0.160057
0.615306122,0.160781
0.615419501,0.161504
0.615532880,0.162223
0.615646259,0.162941
0.615759637,0.163655
0.615873016,0.164365
0.615986395,0.165072
0.616099773,0.165775
0.616213152,0.166475
0.616326531,0.167171
0.616439909,0.167864
0.616553288,0.168553
0.616666667,0.169237
0.616780045,0.169917
0.616893424,0.170592
0.617006803,0.171263
0.617120181,0.171929
0.617233560,0.172590
0.617346939,0.173245
0.617460317,0.173894
0.617573696,0.174538
0.617687075,0.175178
0.617800454,0.175810
0.617913832,0.176435
0.618027211,0.177055
0.618140590,0.177668
0.618253968,0.178274
0.618367347,0.178873
0.618480726,0.179464
0.618594104,0.180049
0.618707483,0.180624
0.618820862,0.181193
0.618934240,0.181754
0.619047619,0.182307
0.619160998,0.182851
0.619274376,0.183385
0.619387755,0.183913
0.619501134,0.184430
0.619614512,0.184940
0.619727891,0.185440
0.619841270,0.185932
0.619954649,0.186414
0.620068027,0.186885
0.620181406,0.187349
0.620294785,0.187802
0.620408163,0.188246
0.620521542,0.188682
0.620634921,0.189107
0.620748299,0.189521
0.620861678,0.189926
0.620975057,0.190323
0.621088435,0.190709
0.621201814,0.191084
0.621315193,0.191451
0.621428571,0.191806
0.621541950,0.192152
0.621655329,0.192488
0.621768707,0.192813
0.621882086,0.193130
0.621995465,0.193435
0.622108844,0.193730
0.622222222,0.194017
0.622335601,0.194291
0.622448980,0.194556
0.622562358,0.194811
0.622675737,0.195055
0.622789116,0.195290
0.622902494,0.195513
0.623015873,0.195727
0.623129252,0.195930
0.623242630,0.196123
0.623356009,0.196307
0.623469388,0.196478
0.623582766,0.196639
0.623696145,0.196791
0.623809524,0.196932
0.623922902,0.197061
0.624036281,0.197181
0.624149660,0.197290
0.624263039,0.197387
0.624376417,0.197475
0.624489796,0.197552
0.624603175,0.197619
0.624716553,0.197675
0.624829932,0.197723
0.624943311,0.197757
0.625056689,0.197782
0.625170068,0.197797
0.625283447,0.197802
0.625396825,0.197796
0.625510204,0.197781
0.625623583,0.197756
0.625736961,0.197720
0.625850340,0.197675
0.625963719,0.197619
0.626077098,0.197555
0.626190476,0.197481
0.626303855,0.197397
0.626417234,0.197303
0.626530612,0.197201
0.626643991,0.197089
0.626757370,0.196970
0.626870748,0.196840
0.626984127,0.196701
0.627097506,0.196555
0.627210884,0.196398
0.627324263,0.196234
0.627437642,0.196063
0.627551020,0.195884
0.627664399,0.195695
0.627777778,0.195500
0.627891156,0.195295
0.628004535,0.195083
0.628117914,0.194865
0.628231293,0.194639
0.628344671,0.194406
0.628458050,0.194166
0.628571429,0.193917
0.628684807,0.193663
0.628798186,0.193402
0.628911565,0.193134
0.629024943,0.192858
0.629138322,0.192576
0.629251701,0.192288
0.629365079,0.191993
0.629478458,0.191693
0.629591837,0.191385
0.629705215,0.191071
0.629818594,0.190751
0.629931973,0.190424
0.630045351,0.190092
0.630158730,0.189753
0.630272109,0.189408
0.630385488,0.189056
0.630498866,0.188699
0.630612245,0.188337
0.630725624,0.187968
0.630839002,0.187593
0.630952381,0.187213
0.631065760,0.186826
0.631179138,0.186433
0.631292517,0.186037
0.631405896,0.185634
0.631519274,0.185226
0.631632653,0.184810
0.631746032,0.184391
0.631859410,0.183967
0.631972789,0.183537
0.632086168,0.183104
0.632199546,0.182663
0.632312925,0.182220
0.632426304,0.181770
0.632539683,0.181316
0.632653061,0.180858
0.632766440,0.180394
0.632879819,0.179926
0.632993197,0.179455
0.633106576,0.178977
0.633219955,0.178498
0.633333333,0.178013
0.633446712,0.177523
0.633560091,0.177030
0.633673469,0.176533
0.633786848,0.176032
0.633900227,0.175526
0.634013605,0.175015
0.634126984,0.174500
0.634240363,0.173982
0.634353741,0.173458
0.634467120,0.172931
0.634580499,0.172398
0.634693878,0.171860
0.634807256,0.171319
0.634920635,0.170772
0.635034014,0.170220
0.635147392,0.169664
0.635260771,0.169103
0.635374150,0.168537
0.635487528,0.167965
0.635600907,0.167388
0.635714286,0.166806
0.635827664,0.166217
0.635941043,0.165624
0.636054422,0.165026
0.636167800,0.164422
0.636281179,0.163812
0.636394558,0.163197
0.636507937,0.162576
0.636621315,0.161949
0.636734694,0.161318
0.636848073,0.160680
0.636961451,0.160036
0.637074830,0.159386
0.637188209,0.158731
0.637301587,0.158071
0.637414966,0.157406
0.637528345,0.156733
0.637641723,0.156055
0.637755102,0.155370
0.637868481,0.154681
0.637981859,0.153985
0.638095238,0.153284
0.638208617,0.152576
0.638321995,0.151863
0.638435374,0.151144
0.638548753,0.150418
0.638662132,0.149687
0.638775510,0.148950
0.638888889,0.148205
0.639002268,0.147456
0.639115646,0.146700
0.639229025,0.145936
0.639342404,0.145168
0.639455782,0.144392
0.639569161,0.143611
0.639682540,0.142822
0.639795918,0.142028
0.639909297,0.141226
0.640022676,0.140419
0.640136054,0.139602
0.640249433,0.138781
0.640362812,0.137954
0.640476190,0.137118
0.640589569,0.136275
0.640702948,0.135427
0.640816327,0.134569
0.640929705,0.133707
0.641043084,0.132836
0.641156463,0.131959
0.641269841,0.131073
0.641383220,0.130181
0.641496599,0.129283
0.641609977,0.128376
0.641723356,0.127462
0.641836735,0.126541
0.641950113,0.125613
0.642063492,0.124678
0.642176871,0.123736
0.642290249,0.122786
0.642403628,0.121830
0.642517007,0.120866
0.642630385,0.119895
0.642743764,0.118918
0.642857143,0.117933
0.642970522,0.116941
0.643083900,0.115942
0.643197279,0.114937
0.643310658,0.113926
0.643424036,0.112907
0.643537415,0.111884
0.643650794,0.110854
0.643764172,0.109816
0.643877551,0.108775
0.643990930,0.107726
0.644104308,0.106672
0.644217687,0.105613
0.644331066,0.104546
0.644444444,0.103476
0.644557823,0.102399
0.644671202,0.101318
0.644784580,0.100231
0.644897959,0.099139
0.645011338,0.098043
0.645124717,0.096943
0.645238095,0.095837
0.645351474,0.094726
0.645464853,0.093612
0.645578231,0.092492
0.645691610,0.091367
0.645804989,0.090240
0.645918367,0.089108
0.646031746,0.087971
0.646145125,0.086830
0.646258503,0.085685
0.646371882,0.084537
0.646485261,0.083386
0.646598639,0.082229
0.646712018,0.081068
0.646825397,0.079906
0.646938776,0.078738
0.647052154,0.077569
0.647165533,0.076396
0.647278912,0.075220
0.647392290,0.074040
0.647505669,0.072858
0.647619048,0.071673
0.647732426,0.070485
0.647845805,0.069295
0.647959184,0.068102
0.648072562,0.066908
0.648185941,0.065712
0.648299320,0.064514
0.648412698,0.063313
0.648526077,0.062112
0.648639456,0.060909
0.648752834,0.059705
0.648866213,0.058500
0.648979592,0.057294
0.649092971,0.056089
0.649206349,0.054880
0.649319728,0.053674
0.649433107,0.052467
0.649546485,0.051259
0.649659864,0.050052
0.649773243,0.048845
0.649886621,0.047639
0.650000000,0.046432
0.650113379,0.045227
0.650226757,0.044024
0.650340136,0.042821
0.650453515,0.041617
0.650566893,0.040416
0.650680272,0.039216
0.650793651,0.038018
0.650907029,0.036822
0.651020408,0.035628
0.651133787,0.034434
0.651247166,0.033243
0.651360544,0.032054
0.651473923,0.030866
0.651587302,0.029683
0.651700680,0.028501
0.651814059,0.027321
0.651927438,0.026142
0.652040816,0.024967
0.652154195,0.023796
0.652267574,0.022626
0.652380952,0.021459
0.652494331,0.020296
0.652607710,0.019135
0.652721088,0.017978
0.652834467,0.016823
0.652947846,0.015673
0.653061224,0.014526
0.653174603,0.013381
0.653287982,0.012242
0.653401361,0.011104
0.653514739,0.009972
0.653628118,0.008843
0.653741497,0.007719
0.653854875,0.006597
0.653968254,0.005481
0.654081633,0.004368
0.654195011,0.003260
0.654308390,0.002156
0.654421769,0.001058
0.654535147,-0.000038
0.654648526,-0.001129
0.654761905,-0.002214
0.654875283,-0.003297
0.654988662,-0.004372
0.655102041,-0.005445
0.655215420,-0.006512
0.655328798,-0.007573
0.655442177,-0.008629
0.655555556,-0.009682
0.655668934,-0.010730
0.655782313,-0.011772
0.655895692,-0.012808
0.656009070,-0.013842
0.656122449,-0.014870
0.656235828,-0.015892
0.656349206,-0.016909
0.656462585,-0.017921
0.656575964,-0.018930
0.656689342,-0.019933
0.656802721,-0.020933
0.656916100,-0.021927
0.657029478,-0.022916
0.657142857,-0.023901
0.657256236,-0.024881
0.657369615,-0.025858
0.657482993,-0.026829
0.657596372,-0.027797
0.657709751,-0.028761
0.657823129,-0.029720
0.657936508,-0.030675
0.658049887,-0.031629
0.658163265,-0.032576
0.658276644,-0.033520
0.658390023,-0.034461
0.658503401,-0.035397
0.658616780,-0.036331
0.658730159,-0.037260
0.658843537,-0.038187
0.658956916,-0.039109
0.659070295,-0.040029
0.659183673,-0.040945
0.659297052,-0.041856
0.659410431,-0.042766
0.659523810,-0.043671
0.659637188,-0.044574
0.659750567,-0.045474
0.659863946,-0.046369
0.659977324,-0.047263
0.660090703,-0.048151
0.660204082,-0.049037
0.660317460,-0.049920
0.660430839,-0.050801
0.660544218,-0.051677
0.660657596,-0.052551
0.660770975,-0.053421
0.660884354,-0.054290
0.660997732,-0.055155
0.661111111,-0.056016
0.661224490,-0.056876
0.661337868,-0.057732
0.661451247,-0.058587
0.661564626,-0.059438
0.661678005,-0.060287
0.661791383,-0.061133
0.661904762,-0.061976
0.662018141,-0.062819
0.662131519,-0.063657
0.662244898,-0.064496
0.662358277,-0.065331
0.662471655,-0.066164
0.662585034,-0.066994
0.662698413,-0.067823
0.662811791,-0.068651
0.662925170,-0.069478
0.663038549,-0.070302
0.663151927,-0.071125
0.663265306,-0.071947
0.663378685,-0.072766
0.663492063,-0.073586
0.663605442,-0.074403
0.663718821,-0.075220
0.663832200,-0.076036
0.663945578,-0.076850
0.664058957,-0.077662
0.664172336,-0.078474
0.664285714,-0.079286
0.664399093,-0.080096
0.664512472,-0.080905
0.664625850,-0.081714
0.664739229,-0.082522
0.664852608,-0.083329
0.664965986,-0.084134
0.665079365,-0.084939
0.665192744,-0.085744
0.665306122,-0.086548
0.665419501,-0.087349
0.665532880,-0.088151
0.665646259,-0.088952
0.665759637,-0.089752
0.665873016,-0.090550
0.665986395,-0.091348
0.666099773,-0.092146
0.666213152,-0.092940
0.666326531,-0.093737
0.666439909,-0.094529
0.666553288,-0.095322
0.666666667,-0.096113
0.666780045,-0.096904
0.666893424,-0.097693
0.667006803,-0.098481
0.667120181,-0.099268
0.667233560,-0.100052
0.667346939,-0.100838
0.667460317,-0.101620
0.667573696,-0.102402
0.667687075,-0.103183
0.667800454,-0.103963
0.667913832,-0.104742
0.668027211,-0.105519
0.668140590,-0.106294
0.668253968,-0.107069
0.668367347,-0.107844
0.668480726,-0.108617
0.668594104,-0.109389
0.668707483,-0.110161
0.668820862,-0.110930
0.668934240,-0.111700
0.669047619,-0.112468
0.669160998,-0.113236
0.669274376,-0.114005
0.669387755,-0.114771
0.669501134,-0.115537
0.669614512,-0.116304
0.669727891,-0.117068
0.669841270,-0.117833
0.669954649,-0.118597
0.670068027,-0.119360
0.670181406,-0.120121
0.670294785,-0.120884
0.670408163,-0.121643
0.670521542,-0.122403
0.670634921,-0.123162
0.670748299,-0.123920
0.670861678,-0.124677
0.670975057,-0.125433
0.671088435,-0.126187
0.671201814,-0.126939
0.671315193,-0.127692
0.671428571,-0.128442
0.671541950,-0.129191
0.671655329,-0.129938
0.671768707,-0.130683
0.671882086,-0.131427
0.671995465,-0.132168
0.672108844,-0.132906
0.672222222,-0.133645
0.672335601,-0.134381
0.672448980,-0.135114
0.672562358,-0.135845
0.672675737,-0.136574
0.672789116,-0.137302
0.672902494,-0.138028
0.673015873,-0.138750
0.673129252,-0.139471
0.673242630,-0.140191
0.673356009,-0.140906
0.673469388,-0.141621
0.673582766,-0.142335
0.673696145,-0.143045
0.673809524,-0.143755
0.673922902,-0.144463
0.674036281,-0.145167
0.674149660,-0.145872
0.674263039,-0.146575
0.674376417,-0.147274
0.674489796,-0.147975
0.674603175,-0.148673
0.674716553,-0.149371
0.674829932,-0.150065
0.674943311,-0.150760
0.675056689,-0.151453
0.675170068,-0.152145
0.675283447,-0.152836
0.675396825,-0.153526
0.675510204,-0.154213
0.675623583,-0.154902
0.675736961,-0.155587
0.675850340,-0.156272
0.675963719,-0.156958
0.676077098,-0.157639
0.676190476,-0.158323
0.676303855,-0.159003
0.676417234,-0.159685
0.676530612,-0.160363
0.676643991,-0.161041
0.676757370,-0.161719
0.676870748,-0.162396
0.676984127,-0.163072
0.677097506,-0.163747
0.677210884,-0.164422
0.677324263,-0.165095
0.677437642,-0.165768
0.677551020,-0.166440
0.677664399,-0.167112
0.677777778,-0.167785
0.677891156,-0.168454
0.678004535,-0.169125
0.678117914,-0.169797
0.678231293,-0.170466
0.678344671,-0.171136
0.678458050,-0.171805
0.678571429,-0.172476
0.678684807,-0.173146
0.678798186,-0.173815
0.678911565,-0.174487
0.679024943,-0.175158
0.679138322,-0.175829
0.679251701,-0.176502
0.679365079,-0.177176
0.679478458,-0.177850
0.679591837,-0.178527
0.679705215,-0.179204
0.679818594,-0.179884
0.679931973,-0.180564
0.680045351,-0.181248
0.680158730,-0.181934
0.680272109,-0.182621
0.680385488,-0.183310
0.680498866,-0.184005
0.680612245,-0.184699
0.680725624,-0.185399
0.680839002,-0.186101
0.680952381,-0.186806
0.681065760,-0.187515
0.681179138,-0.188227
0.681292517,-0.188943
0.681405896,-0.189662
0.681519274,-0.190387
0.681632653,-0.191115
0.681746032,-0.191847
0.681859410,-0.192582
0.681972789,-0.193323
0.682086168,-0.194069
0.682199546,-0.194818
0.682312925,-0.195573
0.682426304,-0.196332
0.682539683,-0.197096
0.682653061,-0.197863
0.682766440,-0.198636
0.682879819,-0.199414
0.682993197,-0.200195
0.683106576,-0.200982
0.683219955,-0.201774
0.683333333,-0.202572
0.683446712,-0.203373
0.683560091,-0.204179
0.683673469,-0.204991
0.683786848,-0.205806
0.683900227,-0.206627
0.684013605,-0.207453
0.684126984,-0.208284
0.684240363,-0.209119
0.684353741,-0.209959
0.684467120,-0.210805
0.684580499,-0.211656
0.684693878,-0.212512
0.684807256,-0.213371
0.684920635,-0.214236
0.685034014,-0.215105
0.685147392,-0.215981
0.685260771,-0.216860
0.685374150,-0.217745
0.685487528,-0.218634
0.685600907,-0.219528
0.685714286,-0.220427
0.685827664,-0.221329
0.685941043,-0.222238
0.686054422,-0.223150
0.686167800,-0.224066
0.686281179,-0.224988
0.686394558,-0.225914
0.686507937,-0.226843
0.686621315,-0.227777
0.686734694,-0.228715
0.686848073,-0.229654
0.686961451,-0.230599
0.687074830,-0.231548
0.687188209,-0.232500
0.687301587,-0.233454
0.687414966,-0.234411
0.687528345,-0.235371
0.687641723,-0.236333
0.687755102,-0.237298
0.687868481,-0.238264
0.687981859,-0.239232
0.688095238,-0.240202
0.688208617,-0.241174
0.688321995,-0.242146
0.688435374,-0.243119
0.688548753,-0.244093
0.688662132,-0.245066
0.688775510,-0.246040
0.688888889,-0.247013
0.689002268,-0.247987
0.689115646,-0.248960
0.689229025,-0.249932
0.689342404,-0.250904
0.689455782,-0.251872
0.689569161,-0.252840
0.689682540,-0.253807
0.689795918,-0.254770
0.689909297,-0.255731
0.690022676,-0.256689
0.690136054,-0.257645
0.690249433,-0.258597
0.690362812,-0.259546
0.690476190,-0.260491
0.690589569,-0.261433
0.690702948,-0.262369
0.690816327,-0.263302
0.690929705,-0.264232
0.691043084,-0.265154
0.691156463,-0.266073
0.691269841,-0.266988
0.691383220,-0.267896
0.691496599,-0.268797
0.691609977,-0.269695
0.691723356,-0.270585
0.691836735,-0.271470
0.691950113,-0.272348
0.692063492,-0.273219
0.692176871,-0.274085
0.692290249,-0.274942
0.692403628,-0.275793
0.692517007,-0.276636
0.692630385,-0.277470
0.692743764,-0.278298
0.692857143,-0.279116
0.692970522,-0.279927
0.693083900,-0.280729
0.693197279,-0.281520
0.693310658,-0.282304
0.693424036,-0.283078
0.693537415,-0.283841
0.693650794,-0.284595
0.693764172,-0.285339
0.693877551,-0.286071
0.693990930,-0.286794
0.694104308,-0.287505
0.694217687,-0.288206
0.694331066,-0.288895
0.694444444,-0.289573
0.694557823,-0.290238
0.694671202,-0.290893
0.694784580,-0.291534
0.694897959,-0.292164
0.695011338,-0.292782
0.695124717,-0.293387
0.695238095,-0.293979
0.695351474,-0.294557
0.695464853,-0.295124
0.695578231,-0.295678
0.695691610,-0.296217
0.695804989,-0.296745
0.695918367,-0.297258
0.696031746,-0.297759
0.696145125,-0.298245
0.696258503,-0.298720
0.696371882,-0.299180
0.696485261,-0.299626
0.696598639,-0.300059
0.696712018,-0.300479
0.696825397,-0.300884
0.696938776,-0.301277
0.697052154,-0.301655
0.697165533,-0.302020
0.697278912,-0.302372
0.697392290,-0.302708
0.697505669,-0.303031
0.697619048,-0.303341
0.697732426,-0.303636
0.697845805,-0.303919
0.697959184,-0.304186
0.698072562,-0.304439
0.698185941,-0.304679
0.698299320,-0.304906
0.698412698,-0.305116
0.698526077,-0.305314
0.698639456,-0.305498
0.698752834,-0.305667
0.698866213,-0.305823
0.698979592,-0.305964
0.699092971,-0.306091
0.699206349,-0.306204
0.699319728,-0.306304
0.699433107,-0.306389
0.699546485,-0.306461
0.699659864,-0.306519
0.699773243,-0.306563
0.699886621,-0.306594
0.700000000,-0.306609
0.700113379,-0.306614
0.700226757,-0.306603
0.700340136,-0.306580
0.700453515,-0.306542
0.700566893,-0.306492
0.700680272,-0.306428
0.700793651,-0.306353
0.700907029,-0.306262
0.701020408,-0.306160
0.701133787,-0.306046
0.701247166,-0.305918
0.701360544,-0.305780
0.701473923,-0.305629
0.701587302,-0.305465
0.701700680,-0.305289
0.701814059,-0.305103
0.701927438,-0.304906
0.702040816,-0.304696
0.702154195,-0.304476
0.702267574,-0.304244
0.702380952,-0.304002
0.702494331,-0.303748
0.702607710,-0.303486
0.702721088,-0.303211
0.702834467,-0.302927
0.702947846,-0.302632
0.703061224,-0.302329
0.703174603,-0.302013
0.703287982,-0.301690
0.703401361,-0.301357
0.703514739,-0.301013
0.703628118,-0.300660
0.703741497,-0.300298
0.703854875,-0.299927
0.703968254,-0.299548
0.704081633,-0.299159
0.704195011,-0.298760
0.704308390,-0.298354
0.704421769,-0.297939
0.704535147,-0.297516
0.704648526,-0.297083
0.704761905,-0.296643
0.704875283,-0.296195
0.704988662,-0.295737
0.705102041,-0.295271
0.705215420,-0.294799
0.705328798,-0.294317
0.705442177,-0.293830
0.705555556,-0.293333
0.705668934,-0.292828
0.705782313,-0.292317
0.705895692,-0.291798
0.706009070,-0.291273
0.706122449,-0.290740
0.706235828,-0.290201
0.706349206,-0.289653
0.706462585,-0.289100
0.706575964,-0.288540
0.706689342,-0.287973
0.706802721,-0.287400
0.706916100,-0.286821
0.707029478,-0.286236
0.707142857,-0.285644
0.707256236,-0.285045
0.707369615,-0.284442
0.707482993,-0.283833
0.707596372,-0.283218
0.707709751,-0.282596
0.707823129,-0.281970
0.707936508,-0.281337
0.708049887,-0.280699
0.708163265,-0.280056
0.708276644,-0.279408
0.708390023,-0.278754
0.708503401,-0.278094
0.708616780,-0.277430
0.708730159,-0.276760
0.708843537,-0.276085
0.708956916,-0.275405
0.709070295,-0.274719
0.709183673,-0.274030
0.709297052,-0.273333
0.709410431,-0.272633
0.709523810,-0.271928
0.709637188,-0.271218
0.709750567,-0.270502
0.709863946,-0.269781
0.709977324,-0.269054
0.710090703,-0.268324
0.710204082,-0.267589
0.710317460,-0.266848
0.710430839,-0.266102
0.710544218,-0.265351
0.710657596,-0.264595
0.710770975,-0.263833
0.710884354,-0.263068
0.710997732,-0.262297
0.711111111,-0.261521
0.711224490,-0.260740
0.711337868,-0.259953
0.711451247,-0.259163
0.711564626,-0.258368
0.711678005,-0.257567
0.711791383,-0.256761
0.711904762,-0.255951
0.712018141,-0.255134
0.712131519,-0.254314
0.712244898,-0.253491
0.712358277,-0.252661
0.712471655,-0.251827
0.712585034,-0.250989
0.712698413,-0.250146
0.712811791,-0.249299
0.712925170,-0.248449
0.713038549,-0.247594
0.713151927,-0.246734
0.713265306,-0.245872
0.713378685,-0.245006
0.713492063,-0.244134
0.713605442,-0.243261
0.713718821,-0.242384
0.713832200,-0.241504
0.713945578,-0.240620
0.714058957,-0.239732
0.714172336,-0.238843
0.714285714,-0.237951
0.714399093,-0.237056
0.714512472,-0.236156
0.714625850,-0.235257
0.714739229,-0.234352
0.714852608,-0.233447
0.714965986,-0.232538
0.715079365,-0.231626
0.715192744,-0.230712
0.715306122,-0.229796
0.715419501,-0.228877
0.715532880,-0.227958
0.715646259,-0.227034
0.715759637,-0.226109
0.715873016,-0.225183
0.715986395,-0.224253
0.716099773,-0.223323
0.716213152,-0.222392
0.716326531,-0.221457
0.716439909,-0.220522
0.716553288,-0.219587
0.716666667,-0.218648
0.716780045,-0.217709
0.716893424,-0.216769
0.717006803,-0.215829
0.717120181,-0.214887
0.717233560,-0.213945
0.717346939,-0.213003
0.717460317,-0.212061
0.717573696,-0.211117
0.717687075,-0.210173
0.717800454,-0.209231
0.717913832,-0.208289
0.718027211,-0.207347
0.718140590,-0.206407
0.718253968,-0.205467
0.718367347,-0.204528
0.718480726,-0.203590
0.718594104,-0.202655
0.718707483,-0.201720
0.718820862,-0.200787
0.718934240,-0.199857
0.719047619,-0.198930
0.719160998,-0.198004
0.719274376,-0.197080
0.719387755,-0.196159
0.719501134,-0.195242
0.719614512,-0.194328
0.719727891,-0.193417
0.719841270,-0.192509
0.719954649,-0.191604
0.720068027,-0.190705
0.720181406,-0.189807
0.720294785,-0.188915
0.720408163,-0.188026
0.720521542,-0.187143
0.720634921,-0.186263
0.720748299,-0.185387
0.720861678,-0.184516
0.720975057,-0.183651
0.721088435,-0.182791
0.721201814,-0.181934
0.721315193,-0.181083
0.721428571,-0.180237
0.721541950,-0.179398
0.721655329,-0.178563
0.721768707,-0.177733
0.721882086,-0.176908
0.721995465,-0.176090
0.722108844,-0.175276
0.722222222,-0.174469
0.722335601,-0.173670
0.722448980,-0.172873
0.722562358,-0.172086
0.722675737,-0.171304
0.722789116,-0.170527
0.722902494,-0.169758
0.723015873,-0.168995
0.723129252,-0.168240
0.723242630,-0.167490
0.723356009,-0.166748
0.723469388,-0.166012
0.723582766,-0.165284
0.723696145,-0.164564
0.723809524,-0.163849
0.723922902,-0.163143
0.724036281,-0.162445
0.724149660,-0.161755
0.724263039,-0.161071
0.724376417,-0.160397
0.724489796,-0.159728
0.724603175,-0.159069
0.724716553,-0.158416
0.724829932,-0.157773
0.724943311,-0.157138
0.725056689,-0.156510
0.725170068,-0.155892
0.725283447,-0.155280
0.725396825,-0.154676
0.725510204,-0.154082
0.725623583,-0.153493
0.725736961,-0.152915
0.725850340,-0.152343
0.725963719,-0.151781
0.726077098,-0.151224
0.726190476,-0.150678
0.726303855,-0.150137
0.726417234,-0.149606
0.726530612,-0.149083
0.726643991,-0.148565
0.726757370,-0.148056
0.726870748,-0.147555
0.726984127,-0.147060
0.727097506,-0.146575
0.727210884,-0.146094
0.727324263,-0.145623
0.727437642,-0.145157
0.727551020,-0.144700
0.727664399,-0.144248
0.727777778,-0.143803
0.727891156,-0.143365
0.728004535,-0.142934
0.728117914,-0.142509
0.728231293,-0.142091
0.728344671,-0.141680
0.728458050,-0.141274
0.728571429,-0.140876
0.728684807,-0.140482
0.728798186,-0.140096
0.728911565,-0.139715
0.729024943,-0.139341
0.729138322,-0.138971
0.729251701,-0.138608
0.729365079,-0.138250
0.729478458,-0.137899
0.729591837,-0.137552
0.729705215,-0.137212
0.729818594,-0.136876
0.729931973,-0.136544
0.730045351,-0.136219
0.730158730,-0.135898
0.730272109,-0.135581
0.730385488,-0.135269
0.730498866,-0.134963
0.730612245,-0.134660
0.730725624,-0.134361
0.730839002,-0.134066
0.730952381,-0.133775
0.731065760,-0.133488
0.731179138,-0.133203
0.731292517,-0.132924
0.731405896,-0.132646
0.731519274,-0.132372
0.731632653,-0.132101
0.731746032,-0.131832
0.731859410,-0.131565
0.731972789,-0.131301
0.732086168,-0.131039
0.732199546,-0.130777
0.732312925,-0.130517
0.732426304,-0.130259
0.732539683,-0.130002
0.732653061,-0.129746
0.732766440,-0.129489
0.732879819,-0.129234
0.732993197,-0.128978
0.733106576,-0.128723
0.733219955,-0.128467
0.733333333,-0.128210
0.733446712,-0.127952
0.733560091,-0.127694
0.733673469,-0.127434
0.733786848,-0.127174
0.733900227,-0.126910
0.734013605,-0.126647
0.734126984,-0.126380
0.734240363,-0.126113
0.734353741,-0.125840
0.734467120,-0.125568
0.734580499,-0.125292
0.734693878,-0.125014
0.734807256,-0.124732
0.734920635,-0.124449
0.735034014,-0.124160
0.735147392,-0.123869
0.735260771,-0.123575
0.735374150,-0.123276
0.735487528,-0.122974
0.735600907,-0.122668
0.735714286,-0.122358
0.735827664,-0.122045
0.735941043,-0.121727
0.736054422,-0.121403
0.736167800,-0.121076
0.736281179,-0.120744
0.736394558,-0.120408
0.736507937,-0.120064
0.736621315,-0.119716
0.736734694,-0.119364
0.736848073,-0.119005
0.736961451,-0.118639
0.737074830,-0.118269
0.737188209,-0.117892
0.737301587,-0.117509
0.737414966,-0.117119
0.737528345,-0.116721
0.737641723,-0.116318
0.737755102,-0.115909
0.737868481,-0.115492
0.737981859,-0.115066
0.738095238,-0.114634
0.738208617,-0.114194
0.738321995,-0.113746
0.738435374,-0.113291
0.738548753,-0.112826
0.738662132,-0.112354
0.738775510,-0.111874
0.738888889,-0.111384
0.739002268,-0.110887
0.739115646,-0.110381
0.739229025,-0.109866
0.739342404,-0.109342
0.739455782,-0.108810
0.739569161,-0.108268
0.739682540,-0.107718
0.739795918,-0.107159
0.739909297,-0.106589
0.740022676,-0.106012
0.740136054,-0.105424
0.740249433,-0.104830
0.740362812,-0.104225
0.740476190,-0.103610
0.740589569,-0.102989
0.740702948,-0.102357
0.740816327,-0.101717
0.740929705,-0.101067
0.741043084,-0.100409
0.741156463,-0.099743
0.741269841,-0.099067
0.741383220,-0.098382
0.741496599,-0.097690
0.741609977,-0.096989
0.741723356,-0.096280
0.741836735,-0.095561
0.741950113,-0.094835
0.742063492,-0.094101
0.742176871,-0.093357
0.742290249,-0.092605
0.742403628,-0.091846
0.742517007,-0.091079
0.742630385,-0.090302
0.742743764,-0.089520
0.742857143,-0.088727
0.742970522,-0.087927
0.743083900,-0.087120
0.743197279,-0.086304
0.743310658,-0.085481
0.743424036,-0.084649
0.743537415,-0.083810
0.743650794,-0.082962
0.743764172,-0.082107
0.743877551,-0.081245
0.743990930,-0.080374
0.744104308,-0.079494
0.744217687,-0.078609
0.744331066,-0.077715
0.744444444,-0.076814
0.744557823,-0.075904
0.744671202,-0.074989
0.744784580,-0.074065
0.744897959,-0.073133
0.745011338,-0.072193
0.745124717,-0.071248
0.745238095,-0.070294
0.745351474,-0.069334
0.745464853,-0.068366
0.745578231,-0.067392
0.745691610,-0.066412
0.745804989,-0.065424
0.745918367,-0.064429
0.746031746,-0.063429
0.746145125,-0.062421
0.746258503,-0.061409
0.746371882,-0.060389
0.746485261,-0.059364
0.746598639,-0.058334
0.746712018,-0.057298
0.746825397,-0.056257
0.746938776,-0.055211
0.747052154,-0.054157
0.747165533,-0.053102
0.747278912,-0.052040
0.747392290,-0.050974
0.747505669,-0.049903
0.747619048,-0.048827
0.747732426,-0.047747
0.747845805,-0.046664
0.747959184,-0.045573
0.748072562,-0.044481
0.748185941,-0.043383
0.748299320,-0.042280
0.748412698,-0.041175
0.748526077,-0.040064
0.748639456,-0.038950
0.748752834,-0.037831
0.748866213,-0.036709
0.748979592,-0.035581
0.749092971,-0.034450
0.749206349,-0.033315
0.749319728,-0.032177
0.749433107,-0.031033
0.749546485,-0.029888
0.749659864,-0.028737
0.749773243,-0.027581
0.749886621,-0.026423
0.750000000,-0.025262
0.750113379,-0.024095
0.750226757,-0.022927
0.750340136,-0.021753
0.750453515,-0.020577
0.750566893,-0.019397
0.750680272,-0.018214
0.750793651,-0.017028
0.750907029,-0.015838
0.751020408,-0.014645
0.751133787,-0.013450
0.751247166,-0.012252
0.751360544,-0.011051
0.751473923,-0.009847
0.751587302,-0.008640
0.751700680,-0.007433
0.751814059,-0.006222
0.751927438,-0.005007
0.752040816,-0.003793
0.752154195,-0.002577
0.752267574,-0.001357
0.752380952,-0.000136
0.752494331,0.001086
0.752607710,0.002311
0.752721088,0.003536
0.752834467,0.004765
0.752947846,0.005993
0.753061224,0.007225
0.753174603,0.008457
0.753287982,0.009691
0.753401361,0.010927
0.753514739,0.012164
0.753628118,0.013403
0.753741497,0.014644
0.753854875,0.015887
0.753968254,0.017132
0.754081633,0.018378
0.754195011,0.019626
0.754308390,0.020876
0.754421769,0.022129
0.754535147,0.023382
0.754648526,0.024639
0.754761905,0.025898
0.754875283,0.027158
0.754988662,0.028420
0.755102041,0.029686
0.755215420,0.030954
0.755328798,0.032225
0.755442177,0.033496
0.755555556,0.034772
0.755668934,0.036048
0.755782313,0.037330
0.755895692,0.038611
0.756009070,0.039897
0.756122449,0.041184
0.756235828,0.042474
0.756349206,0.043766
0.756462585,0.045062
0.756575964,0.046360
0.756689342,0.047659
0.756802721,0.048962
0.756916100,0.050266
0.757029478,0.051575
0.757142857,0.052884
0.757256236,0.054196
0.757369615,0.055510
0.757482993,0.056827
0.757596372,0.058145
0.757709751,0.059466
0.757823129,0.060788
0.757936508,0.062114
0.758049887,0.063440
0.758163265,0.064769
0.758276644,0.066101
0.758390023,0.067432
0.758503401,0.068765
0.758616780,0.070101
0.758730159,0.071438
0.758843537,0.072776
0.758956916,0.074114
0.759070295,0.075456
0.759183673,0.076798
0.759297052,0.078139
0.759410431,0.079483
0.759523810,0.080828
0.759637188,0.082174
0.759750567,0.083521
0.759863946,0.084868
0.759977324,0.086215
0.760090703,0.087564
0.760204082,0.088912
0.760317460,0.090261
0.760430839,0.091612
0.760544218,0.092961
0.760657596,0.094311
0.760770975,0.095660
0.760884354,0.097011
0.760997732,0.098359
0.761111111,0.099710
0.761224490,0.101057
0.761337868,0.102406
0.761451247,0.103753
0.761564626,0.105098
0.761678005,0.106443
0.761791383,0.107787
0.761904762,0.109130
0.762018141,0.110470
0.762131519,0.111808
0.762244898,0.113144
0.762358277,0.114479
0.762471655,0.115812
0.762585034,0.117141
0.762698413,0.118467
0.762811791,0.119789
0.762925170,0.121109
0.763038549,0.122426
0.763151927,0.123738
0.763265306,0.125046
0.763378685,0.126350
0.763492063,0.127649
0.763605442,0.128943
0.763718821,0.130233
0.763832200,0.131518
0.763945578,0.132796
0.764058957,0.134070
0.764172336,0.135337
0.764285714,0.136599
0.764399093,0.137855
0.764512472,0.139105
0.764625850,0.140347
0.764739229,0.141584
0.764852608,0.142812
0.764965986,0.144035
0.765079365,0.145251
0.765192744,0.146459
0.765306122,0.147659
0.765419501,0.148852
0.765532880,0.150037
0.765646259,0.151216
0.765759637,0.152383
0.765873016,0.153546
0.765986395,0.154698
0.766099773,0.155843
0.766213152,0.156978
0.766326531,0.158104
0.766439909,0.159222
0.766553288,0.160331
0.766666667,0.161430
0.766780045,0.162520
0.766893424,0.163599
0.767006803,0.164669
0.767120181,0.165730
0.767233560,0.166779
0.767346939,0.167820
0.767460317,0.168851
0.767573696,0.169870
0.767687075,0.170878
0.767800454,0.171875
0.767913832,0.172862
0.768027211,0.173839
0.768140590,0.174803
0.768253968,0.175756
0.768367347,0.176697
0.768480726,0.177625
0.768594104,0.178543
0.768707483,0.179450
0.768820862,0.180343
0.768934240,0.181225
0.769047619,0.182093
0.769160998,0.182951
0.769274376,0.183794
0.769387755,0.184627
0.769501134,0.185445
0.769614512,0.186251
0.769727891,0.187045
0.769841270,0.187825
0.769954649,0.188593
0.770068027,0.189348
0.770181406,0.190088
0.770294785,0.190818
0.770408163,0.191534
0.770521542,0.192235
0.770634921,0.192926
0.770748299,0.193603
0.770861678,0.194265
0.770975057,0.194917
0.771088435,0.195555
0.771201814,0.196180
0.771315193,0.196793
0.771428571,0.197393
0.771541950,0.197979
0.771655329,0.198553
0.771768707,0.199114
0.771882086,0.199663
0.771995465,0.200200
0.772108844,0.200724
0.772222222,0.201236
0.772335601,0.201735
0.772448980,0.202220
0.772562358,0.202695
0.772675737,0.203157
0.772789116,0.203606
0.772902494,0.204044
0.773015873,0.204468
0.773129252,0.204883
0.773242630,0.205283
0.773356009,0.205672
0.773469388,0.206047
0.773582766,0.206412
0.773696145,0.206766
0.773809524,0.207105
0.773922902,0.207434
0.774036281,0.207751
0.774149660,0.208055
0.774263039,0.208349
0.774376417,0.208630
0.774489796,0.208901
0.774603175,0.209159
0.774716553,0.209407
0.774829932,0.209642
0.774943311,0.209866
0.775056689,0.210082
0.775170068,0.210285
0.775283447,0.210476
0.775396825,0.210658
0.775510204,0.210829
0.775623583,0.210990
0.775736961,0.211140
0.775850340,0.211279
0.775963719,0.211409
0.776077098,0.211529
0.776190476,0.211638
0.776303855,0.211741
0.776417234,0.211832
0.776530612,0.211913
0.776643991,0.211987
0.776757370,0.212052
0.776870748,0.212108
0.776984127,0.212155
0.777097506,0.212193
0.777210884,0.212224
0.777324263,0.212247
0.777437642,0.212260
0.777551020,0.212266
0.777664399,0.212266
0.777777778,0.212258
0.777891156,0.212243
0.778004535,0.212219
0.778117914,0.212190
0.778231293,0.212152
0.778344671,0.212109
0.778458050,0.212058
0.778571429,0.212001
0.778684807,0.211938
0.778798186,0.211868
0.778911565,0.211791
0.779024943,0.211707
0.779138322,0.211618
0.779251701,0.211521
0.779365079,0.211420
0.779478458,0.211311
0.779591837,0.211197
0.779705215,0.211075
0.779818594,0.210949
0.779931973,0.210815
0.780045351,0.210676
0.780158730,0.210530
0.780272109,0.210378
0.780385488,0.210220
0.780498866,0.210056
0.780612245,0.209885
0.780725624,0.209710
0.780839002,0.209527
0.780952381,0.209338
0.781065760,0.209144
0.781179138,0.208945
0.781292517,0.208739
0.781405896,0.208525
0.781519274,0.208308
0.781632653,0.208084
0.781746032,0.207855
0.781859410,0.207620
0.781972789,0.207380
0.782086168,0.207132
0.782199546,0.206880
0.782312925,0.206622
0.782426304,0.206359
0.782539683,0.206090
0.782653061,0.205817
0.782766440,0.205536
0.782879819,0.205251
0.782993197,0.204961
0.783106576,0.204665
0.783219955,0.204364
0.783333333,0.204057
0.783446712,0.203746
0.783560091,0.203429
0.783673469,0.203106
0.783786848,0.202779
0.783900227,0.202445
0.784013605,0.202107
0.784126984,0.201764
0.784240363,0.201414
0.784353741,0.201061
0.784467120,0.200700
0.784580499,0.200336
0.784693878,0.199964
0.784807256,0.199588
0.784920635,0.199206
0.785034014,0.198818
0.785147392,0.198426
0.785260771,0.198026
0.785374150,0.197621
0.785487528,0.197209
0.785600907,0.196792
0.785714286,0.196369
0.785827664,0.195939
0.785941043,0.195502
0.786054422,0.195060
0.786167800,0.194610
0.786281179,0.194154
0.786394558,0.193692
0.786507937,0.193223
0.786621315,0.192749
0.786734694,0.192266
0.786848073,0.191778
0.786961451,0.191282
0.787074830,0.190780
0.787188209,0.190272
0.787301587,0.189755
0.787414966,0.189233
0.787528345,0.188704
0.787641723,0.188168
0.787755102,0.187626
0.787868481,0.187076
0.787981859,0.186520
0.788095238,0.185957
0.788208617,0.185386
0.788321995,0.184810
0.788435374,0.184226
0.788548753,0.183635
0.788662132,0.183038
0.788775510,0.182433
0.788888889,0.181822
0.789002268,0.181205
0.789115646,0.180578
0.789229025,0.179946
0.789342404,0.179307
0.789455782,0.178661
0.789569161,0.178006
0.789682540,0.177345
0.789795918,0.176678
0.789909297,0.176002
0.790022676,0.175318
0.790136054,0.174628
0.790249433,0.173930
0.790362812,0.173224
0.790476190,0.172510
0.790589569,0.171790
0.790702948,0.171060
0.790816327,0.170322
0.790929705,0.169578
0.791043084,0.168824
0.791156463,0.168062
0.791269841,0.167294
0.791383220,0.166515
0.791496599,0.165728
0.791609977,0.164935
0.791723356,0.164133
0.791836735,0.163320
0.791950113,0.162502
0.792063492,0.161673
0.792176871,0.160837
0.792290249,0.159993
0.792403628,0.159139
0.792517007,0.158277
0.792630385,0.157407
0.792743764,0.156529
0.792857143,0.155643
0.792970522,0.154749
0.793083900,0.153847
0.793197279,0.152937
0.793310658,0.152018
0.793424036,0.151093
0.793537415,0.150160
0.793650794,0.149219
0.793764172,0.148272
0.793877551,0.147315
0.793990930,0.146353
0.794104308,0.145383
0.794217687,0.144407
0.794331066,0.143424
0.794444444,0.142434
0.794557823,0.141437
0.794671202,0.140432
0.794784580,0.139423
0.794897959,0.138406
0.795011338,0.137384
0.795124717,0.136355
0.795238095,0.135320
0.795351474,0.134279
0.795464853,0.133232
0.795578231,0.132180
0.795691610,0.131122
0.795804989,0.130059
0.795918367,0.128989
0.796031746,0.127916
0.796145125,0.126837
0.796258503,0.125751
0.796371882,0.124662
0.796485261,0.123569
0.796598639,0.122469
0.796712018,0.121367
0.796825397,0.120258
0.796938776,0.119148
0.797052154,0.118032
0.797165533,0.116910
0.797278912,0.115787
0.797392290,0.114660
0.797505669,0.113530
0.797619048,0.112397
0.797732426,0.111259
0.797845805,0.110120
0.797959184,0.108978
0.798072562,0.107833
0.798185941,0.106685
0.798299320,0.105537
0.798412698,0.104386
0.798526077,0.103233
0.798639456,0.102079
0.798752834,0.100924
0.798866213,0.099768
0.798979592,0.098611
0.799092971,0.097452
0.799206349,0.096294
0.799319728,0.095135
0.799433107,0.093976
0.799546485,0.092818
0.799659864,0.091659
0.799773243,0.090501
0.799886621,0.089342
0.800000000,0.088185
0.800113379,0.087029
0.800226757,0.085874
0.800340136,0.084720
0.800453515,0.083567
0.800566893,0.082417
0.800680272,0.081268
0.800793651,0.080120
0.800907029,0.078975
0.801020408,0.077831
0.801133787,0.076690
0.801247166,0.075551
0.801360544,0.074415
0.801473923,0.073282
0.801587302,0.072150
0.801700680,0.071021
0.801814059,0.069895
0.801927438,0.068771
0.802040816,0.067652
0.802154195,0.066534
0.802267574,0.065420
0.802380952,0.064309
0.802494331,0.063200
0.802607710,0.062096
0.802721088,0.060995
0.802834467,0.059896
0.802947846,0.058801
0.803061224,0.057708
0.803174603,0.056621
0.803287982,0.055537
0.803401361,0.054456
0.803514739,0.053379
0.803628118,0.052306
0.803741497,0.051236
0.803854875,0.050169
0.803968254,0.049108
0.804081633,0.048051
0.804195011,0.046997
0.804308390,0.045946
0.804421769,0.044901
0.804535147,0.043859
0.804648526,0.042823
0.804761905,0.041790
0.804875283,0.040763
0.804988662,0.039739
0.805102041,0.038721
0.805215420,0.037706
0.805328798,0.036698
0.805442177,0.035691
0.805555556,0.034692
0.805668934,0.033697
0.805782313,0.032707
0.805895692,0.031722
0.806009070,0.030741
0.806122449,0.029764
0.806235828,0.028794
0.806349206,0.027828
0.806462585,0.026867
0.806575964,0.025910
0.806689342,0.024959
0.806802721,0.024011
0.806916100,0.023069
0.807029478,0.022130
0.807142857,0.021197
0.807256236,0.020267
0.807369615,0.019342
0.807482993,0.018419
0.807596372,0.017504
0.807709751,0.016590
0.807823129,0.015679
0.807936508,0.014774
0.808049887,0.013871
0.808163265,0.012973
0.808276644,0.012077
0.808390023,0.011186
0.808503401,0.010298
0.808616780,0.009413
0.808730159,0.008531
0.808843537,0.007652
0.808956916,0.006777
0.809070295,0.005906
0.809183673,0.005038
0.809297052,0.004172
0.809410431,0.003309
0.809523810,0.002448
0.809637188,0.001591
0.809750567,0.000737
0.809863946,-0.000115
0.809977324,-0.000965
0.810090703,-0.001810
0.810204082,-0.002654
0.810317460,-0.003496
0.810430839,-0.004333
0.810544218,-0.005169
0.810657596,-0.006004
0.810770975,-0.006834
0.810884354,-0.007663
0.810997732,-0.008489
0.811111111,-0.009312
0.811224490,-0.010134
0.811337868,-0.010954
0.811451247,-0.011772
0.811564626,-0.012587
0.811678005,-0.013400
0.811791383,-0.014213
0.811904762,-0.015022
0.812018141,-0.015832
0.812131519,-0.016639
0.812244898,-0.017445
0.812358277,-0.018249
0.812471655,-0.019053
0.812585034,-0.019855
0.812698413,-0.020658
0.812811791,-0.021460
0.812925170,-0.022261
0.813038549,-0.023059
0.813151927,-0.023860
0.813265306,-0.024659
0.813378685,-0.025457
0.813492063,-0.026256
0.813605442,-0.027055
0.813718821,-0.027854
0.813832200,-0.028652
0.813945578,-0.029449
0.814058957,-0.030248
0.814172336,-0.031047
0.814285714,-0.031844
0.814399093,-0.032643
0.814512472,-0.033440
0.814625850,-0.034237
0.814739229,-0.035036
0.814852608,-0.035832
0.814965986,-0.036629
0.815079365,-0.037426
0.815192744,-0.038223
0.815306122,-0.039019
0.815419501,-0.039814
0.815532880,-0.040609
0.815646259,-0.041404
0.815759637,-0.042198
0.815873016,-0.042991
0.815986395,-0.043783
0.816099773,-0.044575
0.816213152,-0.045365
0.816326531,-0.046154
0.816439909,-0.046943
0.816553288,-0.047729
0.816666667,-0.048514
0.816780045,-0.049298
0.816893424,-0.050081
0.817006803,-0.050862
0.817120181,-0.051643
0.817233560,-0.052421
0.817346939,-0.053196
0.817460317,-0.053972
0.817573696,-0.054744
0.817687075,-0.055516
0.817800454,-0.056285
0.817913832,-0.057052
0.818027211,-0.057817
0.818140590,-0.058580
0.818253968,-0.059342
0.818367347,-0.060100
0.818480726,-0.060856
0.818594104,-0.061611
0.818707483,-0.062361
0.818820862,-0.063111
0.818934240,-0.063858
0.819047619,-0.064602
0.819160998,-0.065342
0.819274376,-0.066081
0.819387755,-0.066817
0.819501134,-0.067551
0.819614512,-0.068280
0.819727891,-0.069006
0.819841270,-0.069729
0.819954649,-0.070448
0.820068027,-0.071165
0.820181406,-0.071877
0.820294785,-0.072585
0.820408163,-0.073290
0.820521542,-0.073991
0.820634921,-0.074687
0.820748299,-0.075380
0.820861678,-0.076069
0.820975057,-0.076751
0.821088435,-0.077431
0.821201814,-0.078103
0.821315193,-0.078773
0.821428571,-0.079435
0.821541950,-0.080094
0.821655329,-0.080747
0.821768707,-0.081394
0.821882086,-0.082036
0.821995465,-0.082672
0.822108844,-0.083302
0.822222222,-0.083928
0.822335601,-0.084547
0.822448980,-0.085160
0.822562358,-0.085767
0.822675737,-0.086367
0.822789116,-0.086962
0.822902494,-0.087552
0.823015873,-0.088133
0.823129252,-0.088710
0.823242630,-0.089278
0.823356009,-0.089841
0.823469388,-0.090399
0.823582766,-0.090948
0.823696145,-0.091491
0.823809524,-0.092030
0.823922902,-0.092559
0.824036281,-0.093083
0.824149660,-0.093602
0.824263039,-0.094111
0.824376417,-0.094616
0.824489796,-0.095113
0.824603175,-0.095605
0.824716553,-0.096090
0.824829932,-0.096568
0.824943311,-0.097041
0.825056689,-0.097507
0.825170068,-0.097965
0.825283447,-0.098418
0.825396825,-0.098864
0.825510204,-0.099303
0.825623583,-0.099737
0.825736961,-0.100163
0.825850340,-0.100583
0.825963719,-0.100995
0.826077098,-0.101402
0.826190476,-0.101802
0.826303855,-0.102195
0.826417234,-0.102580
0.826530612,-0.102961
0.826643991,-0.103332
0.826757370,-0.103699
0.826870748,-0.104058
0.826984127,-0.104410
0.827097506,-0.104755
0.827210884,-0.105093
0.827324263,-0.105423
0.827437642,-0.105747
0.827551020,-0.106064
0.827664399,-0.106373
0.827777778,-0.106677
0.827891156,-0.106973
0.828004535,-0.107263
0.828117914,-0.107546
0.828231293,-0.107822
0.828344671,-0.108088
0.828458050,-0.108352
0.828571429,-0.108606
0.828684807,-0.108854
0.828798186,-0.109096
0.828911565,-0.109331
0.829024943,-0.109561
0.829138322,-0.109784
0.829251701,-0.109999
0.829365079,-0.110209
0.829478458,-0.110414
0.829591837,-0.110612
0.829705215,-0.110805
0.829818594,-0.110994
0.829931973,-0.111175
0.830045351,-0.111352
0.830158730,-0.111523
0.830272109,-0.111689
0.830385488,-0.111850
0.830498866,-0.112007
0.830612245,-0.112159
0.830725624,-0.112305
0.830839002,-0.112448
0.830952381,-0.112585
0.831065760,-0.112719
0.831179138,-0.112848
0.831292517,-0.112971
0.831405896,-0.113091
0.831519274,-0.113208
0.831632653,-0.113319
0.831746032,-0.113426
0.831859410,-0.113530
0.831972789,-0.113628
0.832086168,-0.113723
0.832199546,-0.113815
0.832312925,-0.113901
0.832426304,-0.113984
0.832539683,-0.114063
0.832653061,-0.114138
0.832766440,-0.114208
0.832879819,-0.114275
0.832993197,-0.114338
0.833106576,-0.114398
0.833219955,-0.114454
0.833333333,-0.114504
0.833446712,-0.114551
0.833560091,-0.114595
0.833673469,-0.114635
0.833786848,-0.114670
0.833900227,-0.114703
0.834013605,-0.114730
0.834126984,-0.114756
0.834240363,-0.114777
0.834353741,-0.114796
0.834467120,-0.114809
0.834580499,-0.114821
0.834693878,-0.114829
0.834807256,-0.114834
0.834920635,-0.114835
0.835034014,-0.114832
0.835147392,-0.114828
0.835260771,-0.114820
0.835374150,-0.114809
0.835487528,-0.114794
0.835600907,-0.114775
0.835714286,-0.114755
0.835827664,-0.114731
0.835941043,-0.114706
0.836054422,-0.114677
0.836167800,-0.114644
0.836281179,-0.114608
0.836394558,-0.114570
0.836507937,-0.114528
0.836621315,-0.114483
0.836734694,-0.114437
0.836848073,-0.114386
0.836961451,-0.114332
0.837074830,-0.114277
0.837188209,-0.114217
0.837301587,-0.114155
0.837414966,-0.114088
0.837528345,-0.114020
0.837641723,-0.113948
0.837755102,-0.113873
0.837868481,-0.113795
0.837981859,-0.113714
0.838095238,-0.113628
0.838208617,-0.113541
0.838321995,-0.113448
0.838435374,-0.113353
0.838548753,-0.113255
0.838662132,-0.113151
0.838775510,-0.113046
0.838888889,-0.112935
0.839002268,-0.112821
0.839115646,-0.112703
0.839229025,-0.112582
0.839342404,-0.112457
0.839455782,-0.112327
0.839569161,-0.112193
0.839682540,-0.112056
0.839795918,-0.111914
0.839909297,-0.111768
0.840022676,-0.111616
0.840136054,-0.111461
0.840249433,-0.111303
0.840362812,-0.111139
0.840476190,-0.110971
0.840589569,-0.110799
0.840702948,-0.110622
0.840816327,-0.110441
0.840929705,-0.110256
0.841043084,-0.110065
0.841156463,-0.109871
0.841269841,-0.109672
0.841383220,-0.109469
0.841496599,-0.109263
0.841609977,-0.109049
0.841723356,-0.108834
0.841836735,-0.108614
0.841950113,-0.108388
0.842063492,-0.108158
0.842176871,-0.107924
0.842290249,-0.107685
0.842403628,-0.107442
0.842517007,-0.107193
0.842630385,-0.106940
0.842743764,-0.106682
0.842857143,-0.106419
0.842970522,-0.106151
0.843083900,-0.105879
0.843197279,-0.105602
0.843310658,-0.105317
0.843424036,-0.105029
0.843537415,-0.104736
0.843650794,-0.104437
0.843764172,-0.104133
0.843877551,-0.103824
0.843990930,-0.103508
0.844104308,-0.103188
0.844217687,-0.102861
0.844331066,-0.102529
0.844444444,-0.102191
0.844557823,-0.101848
0.844671202,-0.101500
0.844784580,-0.101145
0.844897959,-0.100786
0.845011338,-0.100420
0.845124717,-0.100049
0.845238095,-0.099672
0.845351474,-0.099292
0.845464853,-0.098905
0.845578231,-0.098512
0.845691610,-0.098114
0.845804989,-0.097713
0.845918367,-0.097306
0.846031746,-0.096894
0.846145125,-0.096477
0.846258503,-0.096054
0.846371882,-0.095628
0.846485261,-0.095198
0.846598639,-0.094763
0.846712018,-0.094323
0.846825397,-0.093880
0.846938776,-0.093431
0.847052154,-0.092980
0.847165533,-0.092525
0.847278912,-0.092065
0.847392290,-0.091602
0.847505669,-0.091137
0.847619048,-0.090666
0.847732426,-0.090194
0.847845805,-0.089718
0.847959184,-0.089239
0.848072562,-0.088756
0.848185941,-0.088269
0.848299320,-0.087781
0.848412698,-0.087291
0.848526077,-0.086795
0.848639456,-0.086300
0.848752834,-0.085799
0.848866213,-0.085298
0.848979592,-0.084794
0.849092971,-0.084288
0.849206349,-0.083779
0.849319728,-0.083267
0.849433107,-0.082756
0.849546485,-0.082241
0.849659864,-0.081724
0.849773243,-0.081206
0.849886621,-0.080686
0.850000000,-0.080164
0.850113379,-0.079640
0.850226757,-0.079116
0.850340136,-0.078590
0.850453515,-0.078063
0.850566893,-0.077536
0.850680272,-0.077009
0.850793651,-0.076481
0.850907029,-0.075952
0.851020408,-0.075423
0.851133787,-0.074894
0.851247166,-0.074367
0.851360544,-0.073837
0.851473923,-0.073310
0.851587302,-0.072785
0.851700680,-0.072259
0.851814059,-0.071733
0.851927438,-0.071211
0.852040816,-0.070689
0.852154195,-0.070169
0.852267574,-0.069651
0.852380952,-0.069136
0.852494331,-0.068621
0.852607710,-0.068109
0.852721088,-0.067600
0.852834467,-0.067092
0.852947846,-0.066586
0.853061224,-0.066083
0.853174603,-0.065584
0.853287982,-0.065087
0.853401361,-0.064593
0.853514739,-0.064102
0.853628118,-0.063613
0.853741497,-0.063128
0.853854875,-0.062645
0.853968254,-0.062166
0.854081633,-0.061690
0.854195011,-0.061218
0.854308390,-0.060749
0.854421769,-0.060282
0.854535147,-0.059818
0.854648526,-0.059360
0.854761905,-0.058903
0.854875283,-0.058450
0.854988662,-0.058001
0.855102041,-0.057555
0.855215420,-0.057113
0.855328798,-0.056676
0.855442177,-0.056241
0.855555556,-0.055811
0.855668934,-0.055385
0.855782313,-0.054962
0.855895692,-0.054543
0.856009070,-0.054127
0.856122449,-0.053716
0.856235828,-0.053310
0.856349206,-0.052906
0.856462585,-0.052508
0.856575964,-0.052112
0.856689342,-0.051723
0.856802721,-0.051336
0.856916100,-0.050954
0.857029478,-0.050575
0.857142857,-0.050202
0.857256236,-0.049832
0.857369615,-0.049468
0.857482993,-0.049107
0.857596372,-0.048752
0.857709751,-0.048398
0.857823129,-0.048052
0.857936508,-0.047707
0.858049887,-0.047367
0.858163265,-0.047033
0.858276644,-0.046701
0.858390023,-0.046374
0.858503401,-0.046050
0.858616780,-0.045732
0.858730159,-0.045415
0.858843537,-0.045104
0.858956916,-0.044795
0.859070295,-0.044491
0.859183673,-0.044188
0.859297052,-0.043890
0.859410431,-0.043594
0.859523810,-0.043303
0.859637188,-0.043015
0.859750567,-0.042728
0.859863946,-0.042444
0.859977324,-0.042163
0.860090703,-0.041885
0.860204082,-0.041608
0.860317460,-0.041334
0.860430839,-0.041062
0.860544218,-0.040793
0.860657596,-0.040524
0.860770975,-0.040258
0.860884354,-0.039992
0.860997732,-0.039729
0.861111111,-0.039468
0.861224490,-0.039208
0.861337868,-0.038948
0.861451247,-0.038690
0.861564626,-0.038432
0.861678005,-0.038176
0.861791383,-0.037921
0.861904762,-0.037665
0.862018141,-0.037412
0.862131519,-0.037158
0.862244898,-0.036905
0.862358277,-0.036653
0.862471655,-0.036400
0.862585034,-0.036147
0.862698413,-0.035896
0.862811791,-0.035645
0.862925170,-0.035394
0.863038549,-0.035143
0.863151927,-0.034892
0.863265306,-0.034643
0.863378685,-0.034392
0.863492063,-0.034143
0.863605442,-0.033892
0.863718821,-0.033643
0.863832200,-0.033392
0.863945578,-0.033143
0.864058957,-0.032892
0.864172336,-0.032643
0.864285714,-0.032392
0.864399093,-0.032141
0.864512472,-0.031890
0.864625850,-0.031639
0.864739229,-0.031388
0.864852608,-0.031135
0.864965986,-0.030882
0.865079365,-0.030628
0.865192744,-0.030375
0.865306122,-0.030119
0.865419501,-0.029862
0.865532880,-0.029606
0.865646259,-0.029348
0.865759637,-0.029088
0.865873016,-0.028828
0.865986395,-0.028567
0.866099773,-0.028303
0.866213152,-0.028038
0.866326531,-0.027773
0.866439909,-0.027506
0.866553288,-0.027237
0.866666667,-0.026966
0.866780045,-0.026694
0.866893424,-0.026422
0.867006803,-0.026146
0.867120181,-0.025870
0.867233560,-0.025593
0.867346939,-0.025313
0.867460317,-0.025032
0.867573696,-0.024749
0.867687075,-0.024466
0.867800454,-0.024180
0.867913832,-0.023893
0.868027211,-0.023605
0.868140590,-0.023316
0.868253968,-0.023026
0.868367347,-0.022735
0.868480726,-0.022443
0.868594104,-0.022149
0.868707483,-0.021854
0.868820862,-0.021558
0.868934240,-0.021263
0.869047619,-0.020966
0.869160998,-0.020669
0.869274376,-0.020371
0.869387755,-0.020072
0.869501134,-0.019773
0.869614512,-0.019475
0.869727891,-0.019174
0.869841270,-0.018875
0.869954649,-0.018574
0.870068027,-0.018273
0.870181406,-0.017973
0.870294785,-0.017672
0.870408163,-0.017371
0.870521542,-0.017070
0.870634921,-0.016770
0.870748299,-0.016469
0.870861678,-0.016170
0.870975057,-0.015869
0.871088435,-0.015570
0.871201814,-0.015269
0.871315193,-0.014970
0.871428571,-0.014673
0.871541950,-0.014374
0.871655329,-0.014077
0.871768707,-0.013780
0.871882086,-0.013482
0.871995465,-0.013187
0.872108844,-0.012891
0.872222222,-0.012596
0.872335601,-0.012302
0.872448980,-0.012010
0.872562358,-0.011718
0.872675737,-0.011426
0.872789116,-0.011136
0.872902494,-0.010848
0.873015873,-0.010559
0.873129252,-0.010273
0.873242630,-0.009988
0.873356009,-0.009703
0.873469388,-0.009422
0.873582766,-0.009140
0.873696145,-0.008861
0.873809524,-0.008583
0.873922902,-0.008307
0.874036281,-0.008033
0.874149660,-0.007760
0.874263039,-0.007491
0.874376417,-0.007224
0.874489796,-0.006959
0.874603175,-0.006697
0.874716553,-0.006437
0.874829932,-0.006180
0.874943311,-0.005925
0.875056689,-0.005674
0.875170068,-0.005426
0.875283447,-0.005180
0.875396825,-0.004936
0.875510204,-0.004697
0.875623583,-0.004460
0.875736961,-0.004225
0.875850340,-0.003995
0.875963719,-0.003767
0.876077098,-0.003540
0.876190476,-0.003318
0.876303855,-0.003098
0.876417234,-0.002881
0.876530612,-0.002666
0.876643991,-0.002456
0.876757370,-0.002245
0.876870748,-0.002038
0.876984127,-0.001833
0.877097506,-0.001632
0.877210884,-0.001430
0.877324263,-0.001232
0.877437642,-0.001035
0.877551020,-0.000841
0.877664399,-0.000648
0.877777778,-0.000455
0.877891156,-0.000266
0.878004535,-0.000078
0.878117914,0.000109
0.878231293,0.000295
0.878344671,0.000479
0.878458050,0.000661
0.878571429,0.000841
0.878684807,0.001022
0.878798186,0.001201
0.878911565,0.001379
0.879024943,0.001554
0.879138322,0.001730
0.879251701,0.001903
0.879365079,0.002076
0.879478458,0.002248
0.879591837,0.002418
0.879705215,0.002586
0.879818594,0.002754
0.879931973,0.002920
0.880045351,0.003085
0.880158730,0.003249
0.880272109,0.003412
0.880385488,0.003575
0.880498866,0.003736
0.880612245,0.003895
0.880725624,0.004054
0.880839002,0.004213
0.880952381,0.004371
0.881065760,0.004528
0.881179138,0.004684
0.881292517,0.004840
0.881405896,0.004996
0.881519274,0.005151
0.881632653,0.005305
0.881746032,0.005461
0.881859410,0.005615
0.881972789,0.005769
0.882086168,0.005925
0.882199546,0.006080
0.882312925,0.006236
0.882426304,0.006392
0.882539683,0.006549
0.882653061,0.006707
0.882766440,0.006866
0.882879819,0.007026
0.882993197,0.007185
0.883106576,0.007346
0.883219955,0.007509
0.883333333,0.007673
0.883446712,0.007840
0.883560091,0.008006
0.883673469,0.008175
0.883786848,0.008346
0.883900227,0.008518
0.884013605,0.008692
0.884126984,0.008869
0.884240363,0.009046
0.884353741,0.009226
0.884467120,0.009409
0.884580499,0.009593
0.884693878,0.009779
0.884807256,0.009969
0.884920635,0.010160
0.885034014,0.010353
0.885147392,0.010550
0.885260771,0.010748
0.885374150,0.010948
0.885487528,0.011152
0.885600907,0.011359
0.885714286,0.011566
0.885827664,0.011779
0.885941043,0.011993
0.886054422,0.012210
0.886167800,0.012429
0.886281179,0.012653
0.886394558,0.012878
0.886507937,0.013106
0.886621315,0.013338
0.886734694,0.013574
0.886848073,0.013812
0.886961451,0.014054
0.887074830,0.014299
0.887188209,0.014547
0.887301587,0.014800
0.887414966,0.015056
0.887528345,0.015314
0.887641723,0.015579
0.887755102,0.015846
0.887868481,0.016116
0.887981859,0.016392
0.888095238,0.016670
0.888208617,0.016954
0.888321995,0.017241
0.888435374,0.017534
0.888548753,0.017830
0.888662132,0.018131
0.888775510,0.018436
0.888888889,0.018746
0.889002268,0.019062
0.889115646,0.019381
0.889229025,0.019705
0.889342404,0.020033
0.889455782,0.020367
0.889569161,0.020705
0.889682540,0.021049
0.889795918,0.021397
0.889909297,0.021748
0.890022676,0.022104
0.890136054,0.022466
0.890249433,0.022831
0.890362812,0.023200
0.890476190,0.023574
0.890589569,0.023952
0.890702948,0.024331
0.890816327,0.024718
0.890929705,0.025106
0.891043084,0.025498
0.891156463,0.025893
0.891269841,0.026292
0.891383220,0.026695
0.891496599,0.027101
0.891609977,0.027509
0.891723356,0.027920
0.891836735,0.028333
0.891950113,0.028750
0.892063492,0.029169
0.892176871,0.029591
0.892290249,0.030013
0.892403628,0.030438
0.892517007,0.030866
0.892630385,0.031297
0.892743764,0.031728
0.892857143,0.032162
0.892970522,0.032597
0.893083900,0.033033
0.893197279,0.033473
0.893310658,0.033913
0.893424036,0.034354
0.893537415,0.034798
0.893650794,0.035243
0.893764172,0.035688
0.893877551,0.036135
0.893990930,0.036582
0.894104308,0.037031
0.894217687,0.037481
0.894331066,0.037930
0.894444444,0.038381
0.894557823,0.038831
0.894671202,0.039282
0.894784580,0.039732
0.894897959,0.040183
0.895011338,0.040633
0.895124717,0.041084
0.895238095,0.041535
0.895351474,0.041983
0.895464853,0.042432
0.895578231,0.042881
0.895691610,0.043326
0.895804989,0.043773
0.895918367,0.044217
0.896031746,0.044660
0.896145125,0.045102
0.896258503,0.045542
0.896371882,0.045980
0.896485261,0.046417
0.896598639,0.046851
0.896712018,0.047286
0.896825397,0.047715
0.896938776,0.048145
0.897052154,0.048572
0.897165533,0.048996
0.897278912,0.049419
0.897392290,0.049839
0.897505669,0.050256
0.897619048,0.050672
0.897732426,0.051085
0.897845805,0.051495
0.897959184,0.051903
0.898072562,0.052309
0.898185941,0.052712
0.898299320,0.053113
0.898412698,0.053511
0.898526077,0.053907
0.898639456,0.054301
0.898752834,0.054691
0.898866213,0.055080
0.898979592,0.055465
0.899092971,0.055850
0.899206349,0.056232
0.899319728,0.056612
0.899433107,0.056990
0.899546485,0.057364
0.899659864,0.057737
0.899773243,0.058110
0.899886621,0.058479
0.900000000,0.058847
0.900113379,0.059212
0.900226757,0.059576
0.900340136,0.059940
0.900453515,0.060301
0.900566893,0.060661
0.900680272,0.061018
0.900793651,0.061375
0.900907029,0.061730
0.901020408,0.062085
0.901133787,0.062438
0.901247166,0.062790
0.901360544,0.063140
0.901473923,0.063490
0.901587302,0.063838
0.901700680,0.064186
0.901814059,0.064532
0.901927438,0.064877
0.902040816,0.065221
0.902154195,0.065564
0.902267574,0.065907
0.902380952,0.066248
0.902494331,0.066589
0.902607710,0.066928
0.902721088,0.067267
0.902834467,0.067607
0.902947846,0.067946
0.903061224,0.068283
0.903174603,0.068623
0.903287982,0.068960
0.903401361,0.069299
0.903514739,0.069637
0.903628118,0.069976
0.903741497,0.070316
0.903854875,0.070655
0.903968254,0.070996
0.904081633,0.071337
0.904195011,0.071680
0.904308390,0.072025
0.904421769,0.072369
0.904535147,0.072718
0.904648526,0.073066
0.904761905,0.073418
0.904875283,0.073771
0.904988662,0.074126
0.905102041,0.074484
0.905215420,0.074844
0.905328798,0.075208
0.905442177,0.075573
0.905555556,0.075942
0.905668934,0.076314
0.905782313,0.076688
0.905895692,0.077067
0.906009070,0.077449
0.906122449,0.077833
0.906235828,0.078222
0.906349206,0.078614
0.906462585,0.079011
0.906575964,0.079410
0.906689342,0.079814
0.906802721,0.080220
0.906916100,0.080633
0.907029478,0.081048
0.907142857,0.081468
0.907256236,0.081890
0.907369615,0.082319
0.907482993,0.082750
0.907596372,0.083187
0.907709751,0.083628
0.907823129,0.084074
0.907936508,0.084523
0.908049887,0.084976
0.908163265,0.085435
0.908276644,0.085898
0.908390023,0.086366
0.908503401,0.086838
0.908616780,0.087314
0.908730159,0.087797
0.908843537,0.088284
0.908956916,0.088774
0.909070295,0.089272
0.909183673,0.089773
0.909297052,0.090281
0.909410431,0.090792
0.909523810,0.091309
0.909637188,0.091831
0.909750567,0.092359
0.909863946,0.092892
0.909977324,0.093430
0.910090703,0.093975
0.910204082,0.094524
0.910317460,0.095080
0.910430839,0.095642
0.910544218,0.096208
0.910657596,0.096780
0.910770975,0.097359
0.910884354,0.097942
0.910997732,0.098533
0.911111111,0.099128
0.911224490,0.099729
0.911337868,0.100336
0.911451247,0.100949
0.911564626,0.101567
0.911678005,0.102190
0.911791383,0.102819
0.911904762,0.103453
0.912018141,0.104092
0.912131519,0.104739
0.912244898,0.105387
0.912358277,0.106043
0.912471655,0.106703
0.912585034,0.107368
0.912698413,0.108037
0.912811791,0.108710
0.912925170,0.109389
0.913038549,0.110071
0.913151927,0.110758
0.913265306,0.111449
0.913378685,0.112143
0.913492063,0.112841
0.913605442,0.113545
0.913718821,0.114250
0.913832200,0.114958
0.913945578,0.115670
0.914058957,0.116386
0.914172336,0.117105
0.914285714,0.117827
0.914399093,0.118551
0.914512472,0.119278
0.914625850,0.120008
0.914739229,0.120739
0.914852608,0.121473
0.914965986,0.122210
0.915079365,0.122947
0.915192744,0.123688
0.915306122,0.124428
0.915419501,0.125172
0.915532880,0.125917
0.915646259,0.126664
0.915759637,0.127412
0.915873016,0.128160
0.915986395,0.128911
0.916099773,0.129662
0.916213152,0.130416
0.916326531,0.131169
0.916439909,0.131922
0.916553288,0.132677
0.916666667,0.133432
0.916780045,0.134188
0.916893424,0.134945
0.917006803,0.135702
0.917120181,0.136458
0.917233560,0.137213
0.917346939,0.137970
0.917460317,0.138727
0.917573696,0.139483
0.917687075,0.140240
0.917800454,0.140995
0.917913832,0.141750
0.918027211,0.142503
0.918140590,0.143257
0.918253968,0.144010
0.918367347,0.144761
0.918480726,0.145511
0.918594104,0.146259
0.918707483,0.147005
0.918820862,0.147751
0.918934240,0.148494
0.919047619,0.149235
0.919160998,0.149974
0.919274376,0.150711
0.919387755,0.151445
0.919501134,0.152179
0.919614512,0.152907
0.919727891,0.153634
0.919841270,0.154359
0.919954649,0.155080
0.920068027,0.155800
0.920181406,0.156516
0.920294785,0.157229
0.920408163,0.157939
0.920521542,0.158647
0.920634921,0.159352
0.920748299,0.160052
0.920861678,0.160751
0.920975057,0.161446
0.921088435,0.162137
0.921201814,0.162827
0.921315193,0.163513
0.921428571,0.164195
0.921541950,0.164874
0.921655329,0.165550
0.921768707,0.166222
0.921882086,0.166892
0.921995465,0.167558
0.922108844,0.168220
0.922222222,0.168879
0.922335601,0.169535
0.922448980,0.170188
0.922562358,0.170837
0.922675737,0.171482
0.922789116,0.172125
0.922902494,0.172764
0.923015873,0.173399
0.923129252,0.174030
0.923242630,0.174659
0.923356009,0.175283
0.923469388,0.175906
0.923582766,0.176523
0.923696145,0.177136
0.923809524,0.177748
0.923922902,0.178354
0.924036281,0.178957
0.924149660,0.179557
0.924263039,0.180151
0.924376417,0.180743
0.924489796,0.181332
0.924603175,0.181915
0.924716553,0.182497
0.924829932,0.183073
0.924943311,0.183648
0.925056689,0.184217
0.925170068,0.184783
0.925283447,0.185345
0.925396825,0.185906
0.925510204,0.186461
0.925623583,0.187012
0.925736961,0.187562
0.925850340,0.188109
0.925963719,0.188651
0.926077098,0.189191
0.926190476,0.189726
0.926303855,0.190260
0.926417234,0.190791
0.926530612,0.191319
0.926643991,0.191844
0.926757370,0.192366
0.926870748,0.192886
0.926984127,0.193404
0.927097506,0.193918
0.927210884,0.194431
0.927324263,0.194942
0.927437642,0.195451
0.927551020,0.195956
0.927664399,0.196460
0.927777778,0.196964
0.927891156,0.197465
0.928004535,0.197963
0.928117914,0.198462
0.928231293,0.198957
0.928344671,0.199452
0.928458050,0.199945
0.928571429,0.200437
0.928684807,0.200926
0.928798186,0.201414
0.928911565,0.201902
0.929024943,0.202387
0.929138322,0.202871
0.929251701,0.203354
0.929365079,0.203835
0.929478458,0.204314
0.929591837,0.204791
0.929705215,0.205269
0.929818594,0.205743
0.929931973,0.206215
0.930045351,0.206685
0.930158730,0.207156
0.930272109,0.207622
0.930385488,0.208086
0.930498866,0.208549
0.930612245,0.209009
0.930725624,0.209467
0.930839002,0.209923
0.930952381,0.210376
0.931065760,0.210826
0.931179138,0.211274
0.931292517,0.211719
0.931405896,0.212163
0.931519274,0.212604
0.931632653,0.213040
0.931746032,0.213475
0.931859410,0.213909
0.931972789,0.214337
0.932086168,0.214763
0.932199546,0.215187
0.932312925,0.215606
0.932426304,0.216023
0.932539683,0.216437
0.932653061,0.216849
0.932766440,0.217258
0.932879819,0.217663
0.932993197,0.218064
0.933106576,0.218462
0.933219955,0.218856
0.933333333,0.219249
0.933446712,0.219636
0.933560091,0.220022
0.933673469,0.220402
0.933786848,0.220778
0.933900227,0.221151
0.934013605,0.221519
0.934126984,0.221883
0.934240363,0.222244
0.934353741,0.222600
0.934467120,0.222950
0.934580499,0.223294
0.934693878,0.223636
0.934807256,0.223970
0.934920635,0.224299
0.935034014,0.224622
0.935147392,0.224940
0.935260771,0.225252
0.935374150,0.225557
0.935487528,0.225856
0.935600907,0.226150
0.935714286,0.226436
0.935827664,0.226715
0.935941043,0.226987
0.936054422,0.227252
0.936167800,0.227510
0.936281179,0.227761
0.936394558,0.228004
0.936507937,0.228240
0.936621315,0.228468
0.936734694,0.228689
0.936848073,0.228901
0.936961451,0.229106
0.937074830,0.229304
0.937188209,0.229491
0.937301587,0.229673
0.937414966,0.229844
0.937528345,0.230008
0.937641723,0.230163
0.937755102,0.230310
0.937868481,0.230449
0.937981859,0.230578
0.938095238,0.230699
0.938208617,0.230812
0.938321995,0.230916
0.938435374,0.231011
0.938548753,0.231096
0.938662132,0.231173
0.938775510,0.231240
0.938888889,0.231298
0.939002268,0.231347
0.939115646,0.231387
0.939229025,0.231416
0.939342404,0.231437
0.939455782,0.231449
0.939569161,0.231450
0.939682540,0.231442
0.939795918,0.231424
0.939909297,0.231397
0.940022676,0.231359
0.940136054,0.231312
0.940249433,0.231255
0.940362812,0.231189
0.940476190,0.231112
0.940589569,0.231025
0.940702948,0.230929
0.940816327,0.230820
0.940929705,0.230704
0.941043084,0.230576
0.941156463,0.230439
0.941269841,0.230291
0.941383220,0.230133
0.941496599,0.229964
0.941609977,0.229787
0.941723356,0.229596
0.941836735,0.229399
0.941950113,0.229190
0.942063492,0.228969
0.942176871,0.228740
0.942290249,0.228501
0.942403628,0.228252
0.942517007,0.227993
0.942630385,0.227723
0.942743764,0.227444
0.942857143,0.227155
0.942970522,0.226857
0.943083900,0.226550
0.943197279,0.226232
0.943310658,0.225905
0.943424036,0.225570
0.943537415,0.225226
0.943650794,0.224873
0.943764172,0.224509
0.943877551,0.224138
0.943990930,0.223758
0.944104308,0.223372
0.944217687,0.222976
0.944331066,0.222571
0.944444444,0.222160
0.944557823,0.221739
0.944671202,0.221314
0.944784580,0.220879
0.944897959,0.220437
0.945011338,0.219989
0.945124717,0.219533
0.945238095,0.219072
0.945351474,0.218602
0.945464853,0.218126
0.945578231,0.217646
0.945691610,0.217156
0.945804989,0.216661
0.945918367,0.216161
0.946031746,0.215654
0.946145125,0.215142
0.946258503,0.214624
0.946371882,0.214099
0.946485261,0.213569
0.946598639,0.213033
0.946712018,0.212492
0.946825397,0.211946
0.946938776,0.211396
0.947052154,0.210840
0.947165533,0.210279
0.947278912,0.209714
0.947392290,0.209143
0.947505669,0.208568
0.947619048,0.207990
0.947732426,0.207409
0.947845805,0.206822
0.947959184,0.206232
0.948072562,0.205639
0.948185941,0.205042
0.948299320,0.204443
0.948412698,0.203842
0.948526077,0.203237
0.948639456,0.202631
0.948752834,0.202023
0.948866213,0.201411
0.948979592,0.200800
0.949092971,0.200186
0.949206349,0.199573
0.949319728,0.198958
0.949433107,0.198343
0.949546485,0.197726
0.949659864,0.197109
0.949773243,0.196494
0.949886621,0.195877
0.950000000,0.195260
0.950113379,0.194645
0.950226757,0.194032
0.950340136,0.193417
0.950453515,0.192805
0.950566893,0.192192
0.950680272,0.191582
0.950793651,0.190974
0.950907029,0.190366
0.951020408,0.189760
0.951133787,0.189157
0.951247166,0.188555
0.951360544,0.187956
0.951473923,0.187357
0.951587302,0.186761
0.951700680,0.186167
0.951814059,0.185575
0.951927438,0.184987
0.952040816,0.184400
0.952154195,0.183816
0.952267574,0.183234
0.952380952,0.182655
0.952494331,0.182077
0.952607710,0.181503
0.952721088,0.180931
0.952834467,0.180360
0.952947846,0.179793
0.953061224,0.179229
0.953174603,0.178666
0.953287982,0.178108
0.953401361,0.177550
0.953514739,0.176995
0.953628118,0.176442
0.953741497,0.175893
0.953854875,0.175347
0.953968254,0.174802
0.954081633,0.174259
0.954195011,0.173719
0.954308390,0.173182
0.954421769,0.172647
0.954535147,0.172116
0.954648526,0.171584
0.954761905,0.171056
0.954875283,0.170530
0.954988662,0.170007
0.955102041,0.169487
0.955215420,0.168968
0.955328798,0.168450
0.955442177,0.167937
0.955555556,0.167423
0.955668934,0.166913
0.955782313,0.166404
0.955895692,0.165896
0.956009070,0.165391
0.956122449,0.164886
0.956235828,0.164385
0.956349206,0.163884
0.956462585,0.163384
0.956575964,0.162887
0.956689342,0.162389
0.956802721,0.161893
0.956916100,0.161397
0.957029478,0.160903
0.957142857,0.160409
0.957256236,0.159916
0.957369615,0.159424
0.957482993,0.158932
0.957596372,0.158439
0.957709751,0.157947
0.957823129,0.157455
0.957936508,0.156962
0.958049887,0.156470
0.958163265,0.155978
0.958276644,0.155484
0.958390023,0.154990
0.958503401,0.154496
0.958616780,0.154000
0.958730159,0.153504
0.958843537,0.153005
0.958956916,0.152507
0.959070295,0.152006
0.959183673,0.151505
0.959297052,0.151004
0.959410431,0.150499
0.959523810,0.149995
0.959637188,0.149488
0.959750567,0.148980
0.959863946,0.148470
0.959977324,0.147960
0.960090703,0.147447
0.960204082,0.146933
0.960317460,0.146418
0.960430839,0.145901
0.960544218,0.145382
0.960657596,0.144863
0.960770975,0.144343
0.960884354,0.143819
0.960997732,0.143295
0.961111111,0.142771
0.961224490,0.142243
0.961337868,0.141716
0.961451247,0.141186
0.961564626,0.140655
0.961678005,0.140124
0.961791383,0.139589
0.961904762,0.139055
0.962018141,0.138518
0.962131519,0.137980
0.962244898,0.137442
0.962358277,0.136900
0.962471655,0.136357
0.962585034,0.135813
0.962698413,0.135266
0.962811791,0.134719
0.962925170,0.134170
0.963038549,0.133618
0.963151927,0.133066
0.963265306,0.132512
0.963378685,0.131956
0.963492063,0.131396
0.963605442,0.130837
0.963718821,0.130274
0.963832200,0.129711
0.963945578,0.129147
0.964058957,0.128578
0.964172336,0.128010
0.964285714,0.127438
0.964399093,0.126867
0.964512472,0.126291
0.964625850,0.125716
0.964739229,0.125139
0.964852608,0.124560
0.964965986,0.123980
0.965079365,0.123397
0.965192744,0.122813
0.965306122,0.122227
0.965419501,0.121641
0.965532880,0.121054
0.965646259,0.120464
0.965759637,0.119875
0.965873016,0.119282
0.965986395,0.118691
0.966099773,0.118096
0.966213152,0.117501
0.966326531,0.116907
0.966439909,0.116310
0.966553288,0.115714
0.966666667,0.115115
0.966780045,0.114517
0.966893424,0.113917
0.967006803,0.113319
0.967120181,0.112719
0.967233560,0.112117
0.967346939,0.111515
0.967460317,0.110914
0.967573696,0.110312
0.967687075,0.109710
0.967800454,0.109107
0.967913832,0.108505
0.968027211,0.107901
0.968140590,0.107298
0.968253968,0.106694
0.968367347,0.106091
0.968480726,0.105486
0.968594104,0.104882
0.968707483,0.104279
0.968820862,0.103675
0.968934240,0.103072
0.969047619,0.102468
0.969160998,0.101865
0.969274376,0.101261
0.969387755,0.100658
0.969501134,0.100056
0.969614512,0.099455
0.969727891,0.098851
0.969841270,0.098251
0.969954649,0.097650
0.970068027,0.097050
0.970181406,0.096450
0.970294785,0.095852
0.970408163,0.095254
0.970521542,0.094658
0.970634921,0.094061
0.970748299,0.093465
0.970861678,0.092872
0.970975057,0.092280
0.971088435,0.091689
0.971201814,0.091098
0.971315193,0.090510
0.971428571,0.089923
0.971541950,0.089339
0.971655329,0.088755
0.971768707,0.088175
0.971882086,0.087596
0.971995465,0.087020
0.972108844,0.086445
0.972222222,0.085873
0.972335601,0.085304
0.972448980,0.084736
0.972562358,0.084171
0.972675737,0.083609
0.972789116,0.083048
0.972902494,0.082493
0.973015873,0.081937
0.973129252,0.081387
0.973242630,0.080837
0.973356009,0.080292
0.973469388,0.079749
0.973582766,0.079210
0.973696145,0.078674
0.973809524,0.078140
0.973922902,0.077609
0.974036281,0.077080
0.974149660,0.076557
0.974263039,0.076035
0.974376417,0.075517
0.974489796,0.075001
0.974603175,0.074488
0.974716553,0.073979
0.974829932,0.073471
0.974943311,0.072967
0.975056689,0.072467
0.975170068,0.071968
0.975283447,0.071473
0.975396825,0.070982
0.975510204,0.070492
0.975623583,0.070006
0.975736961,0.069521
0.975850340,0.069042
0.975963719,0.068563
0.976077098,0.068089
0.976190476,0.067617
0.976303855,0.067149
0.976417234,0.066682
0.976530612,0.066221
0.976643991,0.065761
0.976757370,0.065303
0.976870748,0.064851
0.976984127,0.064400
0.977097506,0.063953
0.977210884,0.063510
0.977324263,0.063068
0.977437642,0.062629
0.977551020,0.062197
0.977664399,0.061764
0.977777778,0.061336
0.977891156,0.060910
0.978004535,0.060490
0.978117914,0.060069
0.978231293,0.059654
0.978344671,0.059240
0.978458050,0.058832
0.978571429,0.058424
0.978684807,0.058020
0.978798186,0.057619
0.978911565,0.057220
0.979024943,0.056824
0.979138322,0.056430
0.979251701,0.056038
0.979365079,0.055649
0.979478458,0.055261
0.979591837,0.054876
0.979705215,0.054492
0.979818594,0.054111
0.979931973,0.053731
0.980045351,0.053352
0.980158730,0.052975
0.980272109,0.052599
0.980385488,0.052225
0.980498866,0.051852
0.980612245,0.051480
0.980725624,0.051107
0.980839002,0.050738
0.980952381,0.050367
0.981065760,0.049998
0.981179138,0.049631
0.981292517,0.049264
0.981405896,0.048898
0.981519274,0.048533
0.981632653,0.048168
0.981746032,0.047802
0.981859410,0.047440
0.981972789,0.047076
0.982086168,0.046715
0.982199546,0.046353
0.982312925,0.045991
0.982426304,0.045631
0.982539683,0.045271
0.982653061,0.044910
0.982766440,0.044552
0.982879819,0.044194
0.982993197,0.043835
0.983106576,0.043477
0.983219955,0.043121
0.983333333,0.042764
0.983446712,0.042409
0.983560091,0.042053
0.983673469,0.041698
0.983786848,0.041343
0.983900227,0.040988
0.984013605,0.040635
0.984126984,0.040282
0.984240363,0.039929
0.984353741,0.039576
0.984467120,0.039225
0.984580499,0.038872
0.984693878,0.038521
0.984807256,0.038170
0.984920635,0.037819
0.985034014,0.037469
0.985147392,0.037118
0.985260771,0.036767
0.985374150,0.036417
0.985487528,0.036066
0.985600907,0.035715
0.985714286,0.035366
0.985827664,0.035015
0.985941043,0.034665
0.986054422,0.034314
0.986167800,0.033965
0.986281179,0.033613
0.986394558,0.033264
0.986507937,0.032913
0.986621315,0.032563
0.986734694,0.032212
0.986848073,0.031863
0.986961451,0.031514
0.987074830,0.031164
0.987188209,0.030815
0.987301587,0.030465
0.987414966,0.030118
0.987528345,0.029770
0.987641723,0.029423
0.987755102,0.029075
0.987868481,0.028731
0.987981859,0.028385
0.988095238,0.028041
0.988208617,0.027699
0.988321995,0.027357
0.988435374,0.027018
0.988548753,0.026679
0.988662132,0.026342
0.988775510,0.026007
0.988888889,0.025674
0.989002268,0.025342
0.989115646,0.025012
0.989229025,0.024684
0.989342404,0.024360
0.989455782,0.024037
0.989569161,0.023716
0.989682540,0.023397
0.989795918,0.023081
0.989909297,0.022767
0.990022676,0.022457
0.990136054,0.022148
0.990249433,0.021843
0.990362812,0.021540
0.990476190,0.021240
0.990589569,0.020944
0.990702948,0.020650
0.990816327,0.020357
0.990929705,0.020068
0.991043084,0.019783
0.991156463,0.019501
0.991269841,0.019221
0.991383220,0.018946
0.991496599,0.018673
0.991609977,0.018403
0.991723356,0.018135
0.991836735,0.017873
0.991950113,0.017614
0.992063492,0.017357
0.992176871,0.017105
0.992290249,0.016855
0.992403628,0.016611
0.992517007,0.016369
0.992630385,0.016132
0.992743764,0.015900
0.992857143,0.015671
0.992970522,0.015446
0.993083900,0.015226
0.993197279,0.015009
0.993310658,0.014798
0.993424036,0.014591
0.993537415,0.014389
0.993650794,0.014192
0.993764172,0.013999
0.993877551,0.013813
0.993990930,0.013630
0.994104308,0.013453
0.994217687,0.013281
0.994331066,0.013112
0.994444444,0.012951
0.994557823,0.012795
0.994671202,0.012642
0.994784580,0.012497
0.994897959,0.012355
0.995011338,0.012218
0.995124717,0.012089
0.995238095,0.011963
0.995351474,0.011843
0.995464853,0.011727
0.995578231,0.011617
0.995691610,0.011513
0.995804989,0.011412
0.995918367,0.011316
0.996031746,0.011226
0.996145125,0.011140
0.996258503,0.011059
0.996371882,0.010983
0.996485261,0.010912
0.996598639,0.010843
0.996712018,0.010779
0.996825397,0.010718
0.996938776,0.010663
0.997052154,0.010610
0.997165533,0.010562
0.997278912,0.010518
0.997392290,0.010475
0.997505669,0.010436
0.997619048,0.010403
0.997732426,0.010369
0.997845805,0.010341
0.997959184,0.010314
0.998072562,0.010289
0.998185941,0.010268
0.998299320,0.010249
0.998412698,0.010233
0.998526077,0.010218
0.998639456,0.010206
0.998752834,0.010194
0.998866213,0.010185
0.998979592,0.010178
0.999092971,0.010172
0.999206349,0.010167
0.999319728,0.010165
0.999433107,0.010162
0.999546485,0.010162
0.999659864,0.010160
0.999773243,0.010160
0.999886621,0.010162
